read 4096 bytes: [229, 158, 61, 96, 131, 152, 229, 5, 5, 148, 174, 61, 33, 63, 72, 72, 23, 41, 200, 137, 85, 5, 239, 37, 211, 43, 176, 65, 97, 167, 211, 22, 162, 144, 255, 36, 130, 48, 225, 8, 210, 207, 246, 193, 173, 145, 220, 34, 156, 125, 77, 139, 186, 96, 0, 9, 90, 185, 224, 223, 51, 136, 245, 235, 188, 151, 63, 132, 160, 51, 83, 77, 164, 194, 147, 248, 104, 100, 189, 207, 119, 0, 108, 208, 202, 210, 185, 183, 106, 160, 61, 42, 236, 241, 91, 66, 15, 203, 157, 41, 147, 190, 26, 245, 101, 194, 187, 71, 94, 215, 166, 34, 60, 219, 65, 245, 27, 152, 19, 135, 211, 95, 155, 99, 146, 19, 153, 208, 72, 3, 8, 95, 0, 77, 219, 88, 172, 163, 142, 5, 197, 181, 7, 157, 193, 190, 83, 12, 192, 121, 109, 161, 163, 199, 229, 17, 151, 90, 147, 199, 21, 255, 200, 46, 111, 10, 1, 55, 211, 22, 47, 4, 180, 12, 191, 80, 236, 21, 243, 22, 22, 47, 186, 123, 229, 88, 151, 54, 72, 16, 55, 219, 175, 162, 49, 111, 68, 141, 154, 101, 210, 210, 227, 133, 53, 87, 114, 239, 95, 171, 6, 95, 143, 118, 189, 8, 223, 75, 168, 166, 101, 227, 208, 102, 24, 215, 62, 224, 10, 232, 131, 136, 69, 162, 184, 96, 225, 31, 211, 112, 186, 234, 188, 197, 254, 94, 19, 67, 76, 196, 182, 182, 17, 49, 235, 95, 150, 93, 59, 237, 5, 23, 51, 52, 206, 250, 245, 21, 111, 174, 209, 164, 85, 31, 7, 14, 245, 60, 162, 8, 249, 58, 133, 17, 200, 1, 102, 187, 151, 119, 236, 96, 185, 218, 199, 217, 128, 31, 10, 58, 250, 194, 48, 107, 193, 135, 179, 220, 167, 128, 182, 225, 122, 189, 42, 68, 95, 52, 124, 184, 63, 236, 132, 32, 80, 46, 210, 68, 194, 63, 116, 226, 128, 197, 71, 200, 153, 113, 68, 173, 13, 45, 125, 45, 77, 128, 62, 205, 100, 236, 201, 19, 3, 27, 125, 105, 226, 44, 85, 87, 246, 199, 139, 229, 108, 144, 91, 216, 84, 57, 61, 201, 137, 116, 248, 207, 195, 207, 151, 5, 150, 142, 172, 247, 237, 51, 19, 1, 52, 205, 70, 34, 216, 196, 74, 5, 34, 143, 26, 44, 157, 244, 12, 225, 198, 202, 147, 107, 64, 71, 95, 7, 234, 42, 101, 71, 38, 133, 217, 179, 122, 187, 27, 69, 29, 246, 204, 85, 75, 79, 118, 149, 217, 184, 2, 58, 117, 253, 212, 153, 188, 22, 92, 255, 226, 14, 114, 32, 31, 84, 53, 85, 9, 205, 1, 150, 74, 142, 79, 188, 77, 144, 166, 220, 144, 176, 7, 44, 224, 112, 46, 231, 202, 75, 223, 5, 66, 3, 4, 95, 12, 95, 224, 114, 190, 40, 128, 222, 36, 151, 201, 53, 76, 249, 230, 236, 198, 22, 88, 72, 209, 180, 37, 13, 67, 53, 188, 239, 197, 207, 153, 235, 189, 71, 34, 121, 133, 136, 26, 160, 210, 32, 208, 114, 94, 191, 156, 40, 149, 161, 133, 3, 128, 3, 105, 17, 65, 114, 194, 181, 53, 42, 99, 147, 151, 65, 61, 128, 194, 165, 75, 150, 48, 233, 105, 134, 86, 73, 183, 255, 27, 141, 112, 249, 8, 24, 236, 71, 202, 252, 119, 235, 154, 87, 67, 163, 35, 198, 70, 28, 20, 25, 11, 158, 249, 182, 188, 234, 223, 242, 103, 45, 113, 134, 78, 104, 51, 68, 237, 85, 181, 22, 101, 200, 82, 115, 199, 220, 1, 50, 99, 132, 239, 33, 249, 46, 226, 174, 242, 181, 59, 253, 108, 198, 58, 59, 141, 16, 181, 11, 22, 92, 41, 220, 60, 107, 50, 33, 45, 139, 193, 122, 137, 141, 20, 233, 221, 207, 227, 150, 100, 213, 62, 211, 111, 226, 46, 251, 30, 35, 22, 185, 215, 74, 214, 75, 86, 58, 255, 154, 94, 24, 216, 90, 28, 139, 195, 247, 32, 46, 144, 82, 2, 17, 2, 123, 110, 52, 217, 171, 191, 37, 90, 34, 106, 54, 126, 233, 241, 243, 137, 3, 124, 132, 134, 53, 226, 210, 187, 33, 226, 238, 76, 237, 16, 22, 229, 76, 136, 65, 149, 56, 110, 109, 229, 81, 192, 72, 239, 23, 247, 4, 246, 209, 216, 78, 12, 106, 81, 64, 166, 30, 39, 192, 31, 243, 205, 167, 63, 137, 48, 17, 238, 144, 11, 236, 146, 75, 35, 23, 39, 56, 28, 79, 42, 204, 240, 137, 204, 105, 28, 28, 25, 148, 34, 86, 53, 238, 106, 172, 193, 201, 3, 237, 54, 175, 200, 79, 189, 190, 5, 24, 136, 85, 26, 217, 211, 13, 37, 90, 196, 242, 97, 85, 41, 137, 41, 198, 233, 19, 149, 198, 19, 185, 90, 100, 131, 85, 193, 8, 150, 243, 193, 46, 133, 192, 39, 42, 149, 34, 202, 207, 133, 66, 222, 80, 186, 95, 70, 4, 44, 47, 47, 102, 92, 92, 102, 0, 0, 1, 0, 52, 131, 130, 135, 16, 250, 159, 192, 133, 4, 11, 187, 145, 76, 232, 54, 197, 60, 30, 155, 115, 198, 86, 79, 169, 158, 109, 226, 85, 237, 181, 109, 216, 242, 166, 165, 135, 19, 251, 37, 77, 180, 115, 59, 24, 197, 255, 118, 82, 86, 209, 107, 54, 97, 73, 187, 100, 66, 225, 161, 201, 222, 237, 28, 113, 245, 130, 173, 155, 180, 142, 107, 28, 93, 140, 78, 227, 216, 1, 123, 121, 202, 117, 231, 67, 120, 114, 137, 208, 192, 178, 58, 83, 203, 225, 105, 219, 67, 153, 212, 75, 30, 44, 129, 18, 222, 62, 85, 161, 43, 110, 22, 47, 56, 154, 185, 243, 8, 27, 249, 8, 248, 20, 17, 0, 72, 59, 117, 143, 135, 165, 142, 9, 23, 226, 185, 104, 202, 243, 161, 73, 230, 251, 94, 218, 51, 115, 81, 101, 229, 31, 96, 156, 41, 105, 11, 100, 131, 111, 98, 99, 116, 24, 247, 197, 217, 82, 140, 142, 134, 240, 249, 69, 39, 144, 161, 235, 33, 231, 63, 202, 178, 241, 237, 218, 176, 71, 82, 214, 54, 165, 27, 56, 138, 123, 217, 110, 136, 8, 176, 217, 232, 143, 164, 0, 161, 25, 82, 145, 38, 37, 120, 180, 126, 43, 231, 213, 249, 8, 128, 53, 227, 143, 235, 82, 154, 119, 155, 44, 75, 120, 173, 145, 249, 25, 23, 199, 11, 165, 241, 186, 3, 79, 191, 115, 229, 254, 6, 216, 158, 194, 53, 207, 25, 221, 141, 40, 120, 55, 21, 82, 63, 252, 9, 24, 162, 111, 14, 195, 10, 202, 204, 235, 40, 137, 233, 101, 109, 214, 52, 218, 150, 162, 153, 128, 82, 58, 167, 72, 21, 134, 151, 144, 185, 178, 130, 91, 230, 31, 255, 161, 219, 244, 176, 148, 183, 214, 147, 217, 234, 112, 84, 39, 86, 24, 158, 218, 42, 37, 188, 254, 68, 167, 175, 218, 125, 109, 157, 73, 121, 153, 220, 106, 63, 99, 140, 61, 135, 60, 18, 89, 201, 98, 30, 222, 181, 249, 245, 250, 7, 203, 149, 89, 241, 124, 224, 17, 65, 245, 106, 53, 179, 180, 159, 148, 249, 226, 150, 232, 196, 233, 198, 183, 90, 25, 248, 233, 66, 132, 255, 230, 196, 244, 96, 109, 128, 83, 43, 59, 220, 155, 121, 71, 216, 60, 19, 130, 127, 167, 143, 173, 143, 247, 18, 251, 200, 200, 218, 241, 206, 88, 188, 128, 5, 76, 240, 27, 78, 182, 220, 254, 116, 195, 61, 68, 118, 49, 219, 81, 142, 61, 61, 242, 109, 78, 99, 199, 22, 47, 42, 131, 154, 213, 198, 179, 93, 224, 139, 176, 18, 249, 14, 156, 36, 127, 157, 117, 165, 111, 135, 87, 132, 151, 32, 91, 51, 64, 235, 7, 107, 5, 122, 250, 131, 241, 42, 116, 144, 86, 212, 228, 102, 107, 157, 158, 226, 201, 130, 164, 238, 224, 95, 60, 88, 169, 119, 212, 171, 172, 199, 254, 82, 91, 248, 37, 33, 235, 204, 22, 7, 6, 216, 44, 225, 17, 119, 70, 244, 86, 32, 158, 70, 147, 184, 12, 11, 209, 104, 252, 181, 147, 225, 151, 37, 37, 17, 7, 252, 195, 246, 179, 19, 163, 193, 49, 244, 10, 132, 144, 193, 141, 190, 66, 12, 6, 211, 87, 177, 173, 216, 57, 206, 231, 230, 128, 232, 83, 125, 199, 35, 131, 203, 76, 213, 126, 242, 116, 159, 93, 51, 129, 211, 11, 171, 101, 181, 24, 194, 247, 149, 123, 216, 59, 174, 147, 230, 206, 197, 190, 252, 228, 142, 117, 76, 17, 112, 122, 198, 104, 202, 247, 167, 148, 153, 205, 187, 214, 242, 102, 199, 74, 205, 85, 50, 136, 17, 45, 7, 58, 15, 93, 234, 111, 67, 120, 154, 91, 187, 238, 171, 191, 42, 139, 185, 153, 43, 85, 96, 73, 23, 189, 231, 220, 227, 151, 154, 242, 16, 117, 182, 4, 44, 107, 219, 174, 76, 248, 76, 85, 241, 233, 220, 135, 176, 106, 22, 238, 81, 59, 198, 157, 17, 210, 241, 232, 211, 24, 221, 240, 209, 60, 236, 170, 83, 54, 29, 187, 72, 121, 124, 7, 187, 59, 246, 121, 68, 165, 209, 19, 154, 178, 67, 22, 124, 178, 104, 32, 101, 103, 6, 39, 230, 166, 241, 73, 234, 59, 84, 33, 151, 125, 117, 123, 182, 8, 245, 153, 72, 171, 202, 77, 3, 40, 69, 211, 169, 203, 248, 148, 19, 162, 88, 148, 226, 96, 147, 9, 197, 55, 16, 177, 182, 228, 76, 103, 225, 135, 129, 225, 201, 212, 21, 40, 53, 188, 215, 164, 249, 75, 1, 4, 242, 0, 61, 5, 182, 96, 72, 162, 224, 133, 134, 130, 158, 6, 27, 250, 197, 160, 192, 251, 83, 142, 252, 167, 235, 86, 119, 212, 109, 244, 196, 195, 110, 96, 208, 110, 244, 192, 56, 6, 218, 73, 157, 0, 229, 22, 82, 14, 137, 109, 33, 32, 246, 141, 162, 232, 83, 135, 203, 13, 79, 55, 93, 246, 167, 155, 184, 87, 87, 9, 106, 218, 72, 127, 183, 8, 143, 118, 197, 62, 43, 45, 119, 97, 254, 170, 12, 57, 114, 58, 144, 221, 178, 63, 196, 103, 123, 145, 110, 57, 35, 179, 20, 22, 47, 95, 173, 58, 19, 16, 197, 66, 234, 38, 60, 110, 104, 12, 231, 181, 84, 203, 110, 70, 158, 219, 65, 130, 5, 141, 250, 55, 43, 202, 153, 107, 79, 251, 195, 186, 82, 146, 138, 134, 66, 96, 250, 121, 144, 81, 2, 20, 95, 37, 81, 125, 18, 103, 148, 25, 235, 200, 101, 184, 170, 48, 80, 198, 30, 108, 97, 98, 31, 12, 153, 108, 2, 95, 132, 82, 207, 176, 161, 55, 201, 128, 0, 120, 205, 82, 163, 27, 74, 211, 11, 227, 30, 24, 3, 162, 25, 95, 22, 170, 112, 40, 46, 37, 106, 28, 104, 15, 74, 3, 30, 147, 236, 26, 26, 56, 40, 224, 47, 47, 102, 92, 92, 102, 0, 0, 1, 0, 227, 137, 212, 152, 127, 87, 236, 19, 82, 185, 193, 124, 107, 245, 54, 237, 121, 187, 14, 19, 140, 222, 224, 25, 237, 173, 28, 199, 225, 25, 241, 17, 241, 185, 113, 91, 212, 253, 152, 199, 2, 113, 33, 174, 239, 201, 49, 75, 133, 167, 223, 153, 139, 211, 24, 198, 154, 119, 1, 181, 119, 171, 144, 214, 74, 205, 0, 239, 74, 245, 187, 83, 175, 144, 56, 173, 4, 248, 222, 106, 253, 144, 59, 172, 152, 119, 190, 114, 6, 248, 63, 16, 70, 239, 189, 210, 63, 129, 182, 234, 78, 12, 105, 51, 119, 51, 201, 66, 181, 90, 42, 37, 186, 143, 250, 119, 24, 109, 88, 165, 216, 98, 22, 47, 133, 58, 167, 9, 177, 160, 77, 188, 114, 166, 147, 18, 168, 208, 70, 187, 241, 37, 156, 25, 124, 127, 48, 170, 86, 173, 219, 34, 140, 210, 39, 42, 158, 233, 50, 78, 37, 7, 134, 96, 131, 197, 115, 90, 67, 29, 14, 133, 146, 60, 232, 190, 86, 105, 245, 110, 51, 32, 29, 40, 135, 91, 52, 57, 95, 182, 152, 14, 59, 248, 243, 124, 208, 51, 70, 49, 76, 43, 104, 113, 40, 131, 232, 218, 23, 102, 189, 140, 161, 61, 142, 157, 205, 213, 114, 208, 19, 216, 246, 178, 66, 141, 206, 119, 247, 17, 46, 205, 54, 245, 228, 227, 222, 154, 32, 0, 162, 112, 237, 41, 243, 230, 198, 42, 53, 44, 222, 199, 14, 253, 224, 95, 140, 49, 3, 249, 94, 255, 206, 23, 209, 137, 14, 59, 48, 60, 57, 163, 77, 129, 80, 233, 216, 184, 22, 47, 144, 4, 104, 127, 11, 62, 80, 209, 60, 54, 59, 81, 251, 85, 61, 5, 166, 251, 114, 241, 231, 206, 207, 166, 90, 55, 104, 108, 231, 164, 195, 203, 33, 55, 238, 161, 244, 51, 73, 182, 223, 80, 201, 182, 233, 161, 69, 244, 231, 142, 119, 85, 125, 253, 34, 112, 28, 229, 81, 32, 213, 253, 16, 50, 181, 80, 140, 240, 154, 206, 96, 23, 157, 40, 199, 156, 212, 191, 115, 205, 10, 13, 180, 102, 217, 248, 70, 30, 61, 245, 211, 199, 7, 66, 87, 242, 39, 180, 41, 36, 153, 55, 12, 10, 194, 27, 107, 152, 30, 140, 12, 128, 151, 132, 253, 97, 186, 255, 172, 95, 248, 237, 60, 1, 26, 234, 216, 2, 114, 2, 220, 83, 67, 205, 248, 68, 183, 115, 211, 143, 196, 130, 200, 5, 46, 57, 114, 122, 184, 225, 182, 173, 233, 191, 230, 5, 8, 209, 243, 96, 210, 233, 242, 239, 238, 78, 70, 184, 10, 146, 201, 160, 187, 170, 211, 135, 119, 156, 239, 82, 143, 164, 117, 74, 171, 186, 173, 57, 126, 52, 246, 6, 189, 205, 7, 196, 22, 150, 228, 247, 151, 21, 65, 90, 237, 26, 171, 173, 60, 107, 37, 225, 111, 100, 202, 117, 182, 22, 121, 145, 218, 134, 84, 202, 193, 10, 13, 202, 250, 132, 180, 226, 65, 104, 245, 75, 112, 96, 23, 163, 157, 107, 46, 246, 210, 51, 104, 48, 243, 65, 179, 121, 210, 251, 209, 74, 177, 36, 150, 143, 127, 197, 3, 173, 226, 235, 204, 106, 227, 12, 121, 63, 97, 117, 201, 202, 173, 33, 198, 167, 5, 241, 243, 215, 111, 203, 5, 94, 210, 172, 181, 227, 161, 121, 235, 22, 60, 151, 219, 116, 225, 121, 23, 19, 129, 130, 211, 162, 129, 219, 31, 117, 100, 84, 19, 75, 165, 240, 30, 55, 10, 192, 18, 190, 144, 33, 136, 3, 127, 17, 230, 98, 103, 152, 135, 34, 3, 149, 39, 156, 250, 206, 137, 35, 197, 140, 251, 108, 111, 50, 135, 4, 146, 143, 38, 170, 186, 189, 74, 219, 203, 201, 182, 206, 186, 237, 63, 43, 106, 194, 240, 182, 4, 196, 243, 126, 54, 73, 70, 253, 141, 103, 168, 81, 153, 172, 104, 138, 173, 225, 215, 70, 245, 159, 57, 23, 229, 45, 199, 247, 57, 101, 175, 161, 141, 232, 192, 235, 65, 180, 221, 232, 44, 210, 105, 5, 48, 36, 208, 185, 12, 187, 50, 147, 96, 147, 106, 249, 84, 30, 122, 177, 132, 14, 29, 163, 243, 206, 191, 114, 141, 224, 238, 177, 220, 108, 127, 114, 75, 55, 198, 156, 197, 180, 42, 73, 205, 65, 37, 91, 121, 176, 219, 88, 142, 80, 153, 252, 96, 192, 42, 149, 240, 134, 37, 20, 41, 160, 2, 6, 31, 204, 114, 195, 246, 56, 254, 212, 214, 187, 126, 123, 74, 220, 207, 58, 191, 97, 115, 49, 63, 0, 131, 83, 15, 22, 92, 232, 141, 166, 144, 109, 239, 65, 161, 169, 157, 56, 133, 3, 44, 77, 182, 145, 22, 47, 61, 0, 167, 146, 42, 35, 252, 205, 44, 183, 122, 18, 4, 101, 228, 201, 2, 183, 157, 16, 116, 30, 45, 230, 223, 19, 97, 146, 55, 191, 209, 14, 11, 13, 157, 122, 56, 210, 241, 126, 177, 225, 17, 176, 6, 187, 48, 225, 118, 52, 53, 125, 226, 156, 164, 199, 75, 153, 117, 240, 35, 95, 246, 140, 34, 135, 79, 235, 56, 40, 189, 85, 253, 216, 8, 6, 31, 45, 194, 168, 230, 79, 93, 249, 91, 162, 36, 42, 9, 22, 47, 6, 7, 255, 55, 8, 237, 43, 65, 177, 169, 219, 127, 181, 39, 84, 34, 101, 193, 96, 152, 120, 208, 245, 11, 144, 46, 60, 66, 98, 212, 43, 2, 251, 207, 134, 233, 63, 177, 91, 201, 68, 143, 202, 191, 225, 243, 115, 241, 107, 187, 22, 47, 209, 91, 242, 65, 124, 4, 69, 148, 188, 122, 42, 62, 253, 178, 184, 150, 68, 50, 220, 172, 231, 14, 232, 237, 119, 79, 16, 238, 109, 116, 129, 235, 124, 161, 148, 50, 96, 187, 190, 136, 121, 242, 84, 143, 6, 236, 55, 191, 231, 229, 95, 238, 146, 71, 172, 42, 157, 47, 47, 102, 92, 92, 102, 0, 0, 1, 0, 103, 232, 170, 44, 131, 197, 219, 236, 22, 171, 155, 46, 107, 91, 208, 206, 202, 175, 13, 1, 98, 218, 190, 57, 159, 138, 168, 108, 142, 193, 11, 143, 128, 238, 52, 215, 68, 167, 222, 159, 215, 84, 242, 38, 130, 207, 249, 216, 59, 198, 35, 174, 193, 99, 217, 112, 100, 204, 184, 249, 65, 185, 101, 100, 184, 29, 3, 49, 75, 186, 100, 245, 238, 185, 178, 28, 20, 14, 129, 231, 23, 36, 162, 79, 117, 222, 182, 5, 25, 0, 200, 107, 145, 160, 237, 156, 148, 120, 172, 52, 58, 209, 83, 209, 11, 210, 120, 83, 176, 84, 189, 52, 90, 206, 84, 60, 0, 2, 61, 82, 103, 91, 181, 97, 21, 197, 15, 49, 45, 50, 250, 16, 198, 167, 221, 14, 112, 41, 171, 250, 219, 188, 240, 11, 41, 76, 215, 168, 161, 56, 57, 213, 102, 193, 179, 230, 58, 212, 191, 139, 182, 41, 77, 27, 83, 11, 209, 191, 195, 40, 163, 114, 205, 155, 173, 173, 54, 91, 150, 27, 253, 193, 166, 107, 143, 252, 218, 68, 25, 118, 125, 109, 196, 212, 32, 84, 76, 223, 195, 111, 56, 6, 141, 109, 20, 127, 66, 164, 150, 87, 254, 205, 184, 211, 163, 98, 158, 208, 80, 13, 67, 228, 158, 96, 242, 248, 55, 45, 93, 69, 132, 195, 87, 57, 60, 52, 72, 74, 165, 13, 69, 143, 12, 156, 193, 210, 30, 228, 156, 108, 83, 85, 170, 213, 211, 144, 228, 63, 204, 138, 101, 175, 207, 78, 196, 213, 173, 241, 95, 31, 78, 120, 106, 215, 236, 35, 193, 138, 4, 192, 152, 179, 38, 141, 217, 101, 176, 22, 195, 109, 177, 117, 224, 156, 140, 189, 15, 182, 16, 38, 164, 59, 31, 26, 213, 138, 81, 159, 28, 208, 143, 131, 201, 159, 147, 237, 89, 236, 95, 39, 74, 37, 211, 49, 202, 170, 142, 50, 218, 39, 224, 190, 203, 177, 202, 218, 254, 20, 170, 98, 6, 195, 240, 13, 22, 92, 38, 151, 144, 163, 185, 152, 89, 157, 84, 170, 123, 127, 240, 115, 253, 35, 63, 144, 221, 157, 200, 221, 164, 6, 183, 229, 58, 159, 14, 167, 173, 52, 175, 121, 109, 155, 216, 210, 110, 172, 203, 131, 217, 14, 130, 158, 44, 59, 108, 183, 46, 13, 145, 25, 251, 176, 208, 250, 4, 192, 112, 142, 98, 200, 150, 197, 158, 25, 117, 201, 20, 224, 98, 1, 202, 143, 213, 151, 155, 161, 1, 50, 46, 117, 103, 249, 15, 123, 117, 137, 6, 1, 238, 97, 108, 11, 118, 249, 88, 27, 158, 143, 90, 224, 254, 22, 47, 151, 217, 133, 164, 196, 126, 71, 233, 171, 40, 235, 220, 15, 213, 222, 4, 171, 2, 22, 92, 186, 180, 119, 46, 165, 62, 42, 6, 252, 20, 225, 36, 114, 252, 174, 191, 112, 67, 242, 195, 214, 191, 69, 75, 57, 255, 64, 133, 233, 45, 78, 175, 40, 34, 18, 24, 229, 143, 130, 123, 30, 148, 208, 91, 219, 38, 134, 56, 25, 248, 25, 224, 237, 96, 193, 20, 102, 151, 231, 40, 246, 3, 65, 94, 62, 238, 84, 131, 1, 183, 58, 76, 194, 132, 248, 211, 163, 238, 0, 158, 5, 153, 60, 107, 244, 78, 18, 172, 226, 105, 26, 58, 111, 44, 106, 68, 220, 59, 123, 212, 201, 62, 168, 130, 51, 2, 108, 104, 171, 57, 89, 27, 189, 131, 49, 105, 37, 226, 7, 88, 60, 141, 94, 248, 60, 160, 13, 33, 124, 253, 40, 41, 12, 169, 11, 97, 41, 59, 10, 128, 228, 141, 129, 54, 15, 86, 50, 49, 152, 52, 224, 113, 116, 207, 148, 37, 19, 227, 168, 223, 109, 160, 9, 167, 74, 240, 61, 241, 108, 97, 82, 11, 71, 8, 126, 34, 132, 224, 223, 130, 193, 168, 179, 237, 243, 55, 79, 200, 214, 248, 249, 9, 189, 75, 93, 143, 80, 72, 110, 39, 66, 1, 77, 71, 193, 117, 185, 121, 56, 60, 191, 98, 22, 92, 163, 196, 215, 98, 7, 12, 15, 132, 227, 162, 108, 31, 211, 173, 8, 244, 75, 8, 91, 95, 25, 69, 96, 124, 115, 165, 191, 105, 75, 239, 134, 128, 176, 81, 125, 77, 164, 210, 116, 23, 179, 31, 137, 124, 27, 44, 124, 32, 37, 48, 31, 155, 202, 1, 125, 176, 232, 49, 199, 162, 89, 123, 106, 30, 252, 100, 245, 23, 223, 90, 214, 49, 72, 106, 184, 57, 245, 21, 38, 126, 64, 137, 67, 252, 136, 3, 66, 83, 222, 29, 236, 169, 140, 242, 185, 199, 2, 171, 116, 244, 122, 156, 34, 195, 108, 142, 229, 170, 209, 30, 61, 164, 196, 62, 177, 59, 211, 26, 31, 135, 74, 0, 163, 155, 70, 66, 9, 185, 224, 160, 120, 196, 239, 120, 217, 78, 100, 193, 50, 224, 21, 79, 28, 86, 98, 170, 197, 227, 182, 122, 22, 186, 27, 161, 250, 130, 6, 129, 251, 114, 106, 8, 38, 22, 92, 197, 168, 135, 148, 84, 19, 75, 63, 186, 159, 195, 189, 143, 56, 91, 0, 217, 245, 104, 80, 242, 153, 239, 72, 60, 89, 255, 50, 203, 112, 240, 60, 157, 39, 197, 99, 81, 214, 122, 158, 185, 132, 22, 92, 194, 153, 223, 41, 177, 34, 234, 129, 22, 92, 173, 222, 107, 145, 30, 37, 252, 217, 59, 211, 94, 215, 127, 193, 217, 28, 238, 220, 192, 241, 91, 235, 135, 37, 20, 56, 148, 148, 220, 78, 79, 201, 110, 207, 34, 140, 250, 129, 19, 0, 215, 18, 51, 180, 161, 244, 211, 122, 9, 68, 242, 94, 101, 112, 73, 99, 126, 129, 54, 131, 141, 44, 100, 23, 140, 184, 220, 22, 92, 188, 118, 188, 176, 196, 38, 38, 76, 184, 143, 15, 150, 205, 63, 19, 90, 203, 130, 236, 222, 134, 126, 248, 148, 98, 86, 240, 124, 241, 208, 111, 188, 22, 92, 47, 47, 102, 92, 92, 102, 0, 0, 1, 0, 110, 172, 64, 52, 67, 208, 206, 165, 23, 94, 238, 96, 93, 64, 68, 96, 212, 60, 50, 210, 158, 26, 31, 168, 220, 68, 113, 244, 234, 225, 152, 120, 198, 129, 230, 161, 8, 151, 3, 197, 36, 189, 25, 155, 173, 42, 234, 140, 50, 32, 80, 74, 192, 117, 135, 88, 35, 122, 178, 133, 230, 48, 94, 244, 182, 169, 193, 9, 80, 228, 102, 172, 149, 207, 65, 8, 240, 126, 192, 10, 218, 88, 203, 126, 136, 179, 52, 149, 181, 233, 166, 14, 241, 138, 177, 152, 26, 148, 202, 249, 111, 206, 129, 176, 125, 183, 99, 139, 186, 164, 2, 162, 31, 214, 61, 36, 72, 209, 111, 39, 48, 46, 6, 144, 210, 12, 26, 57, 57, 132, 36, 21, 101, 245, 105, 64, 49, 51, 189, 137, 111, 7, 51, 23, 251, 142, 211, 12, 36, 46, 114, 30, 130, 166, 192, 241, 182, 8, 68, 126, 253, 61, 29, 146, 206, 244, 135, 86, 201, 201, 238, 215, 242, 131, 22, 163, 36, 147, 62, 56, 239, 204, 228, 98, 224, 59, 250, 16, 137, 111, 120, 147, 139, 152, 174, 229, 188]
Ok(
    (),
)
read 4096 bytes: [241, 118, 204, 168, 68, 237, 50, 115, 254, 178, 127, 226, 55, 46, 121, 195, 43, 103, 122, 40, 120, 204, 142, 72, 57, 9, 138, 239, 181, 34, 142, 3, 40, 55, 246, 22, 92, 203, 42, 45, 0, 137, 173, 195, 172, 136, 61, 25, 22, 47, 82, 125, 80, 91, 98, 62, 13, 82, 163, 164, 120, 213, 55, 207, 129, 157, 243, 156, 93, 85, 117, 14, 241, 70, 99, 85, 15, 199, 124, 17, 35, 222, 70, 121, 101, 68, 80, 206, 1, 187, 91, 67, 13, 229, 162, 163, 16, 88, 182, 18, 170, 11, 209, 176, 50, 144, 0, 169, 125, 243, 194, 58, 56, 129, 75, 87, 153, 218, 175, 198, 66, 189, 153, 11, 239, 28, 124, 146, 112, 123, 255, 144, 244, 123, 45, 153, 9, 230, 248, 185, 7, 74, 174, 5, 196, 22, 47, 147, 251, 169, 96, 20, 218, 25, 161, 80, 133, 220, 125, 60, 169, 128, 108, 178, 150, 181, 101, 244, 91, 165, 246, 172, 156, 15, 154, 239, 151, 179, 223, 68, 201, 64, 250, 162, 66, 36, 55, 80, 12, 122, 164, 150, 74, 30, 152, 80, 237, 41, 176, 110, 147, 247, 119, 63, 26, 244, 180, 100, 105, 17, 2, 167, 24, 19, 40, 14, 163, 26, 62, 229, 103, 74, 109, 236, 69, 93, 247, 134, 33, 165, 163, 127, 212, 226, 24, 193, 113, 167, 216, 161, 145, 147, 66, 247, 219, 137, 148, 215, 33, 66, 78, 34, 239, 112, 114, 251, 38, 141, 3, 195, 221, 90, 106, 62, 155, 222, 133, 253, 24, 180, 140, 75, 33, 95, 51, 232, 169, 193, 2, 95, 8, 28, 94, 4, 111, 63, 42, 101, 30, 175, 120, 73, 182, 3, 17, 248, 18, 245, 75, 202, 16, 90, 87, 26, 240, 124, 91, 42, 112, 234, 17, 22, 47, 134, 123, 123, 209, 211, 25, 186, 22, 164, 183, 116, 109, 230, 254, 84, 230, 197, 131, 33, 82, 207, 56, 42, 7, 72, 224, 173, 165, 33, 139, 73, 63, 170, 189, 61, 141, 11, 26, 147, 192, 156, 93, 76, 149, 155, 215, 234, 235, 209, 0, 45, 37, 44, 226, 203, 185, 154, 223, 10, 107, 66, 120, 118, 157, 132, 214, 186, 155, 251, 52, 238, 115, 112, 237, 209, 251, 231, 235, 216, 22, 10, 145, 93, 130, 87, 226, 179, 10, 181, 153, 158, 46, 195, 140, 129, 37, 5, 178, 140, 167, 209, 230, 24, 132, 219, 31, 107, 79, 169, 102, 50, 138, 237, 94, 126, 160, 17, 0, 129, 64, 150, 139, 115, 77, 177, 54, 124, 100, 72, 24, 53, 179, 177, 154, 139, 60, 126, 150, 93, 231, 171, 100, 100, 255, 4, 96, 146, 17, 19, 216, 217, 135, 115, 202, 28, 239, 121, 103, 46, 149, 49, 195, 39, 244, 28, 207, 250, 185, 218, 145, 213, 85, 246, 213, 158, 22, 92, 173, 31, 203, 132, 118, 19, 250, 234, 163, 183, 28, 171, 236, 53, 40, 235, 213, 189, 60, 252, 242, 111, 164, 85, 221, 212, 175, 46, 192, 54, 11, 98, 255, 146, 6, 79, 129, 181, 185, 125, 100, 118, 17, 109, 142, 250, 217, 7, 115, 128, 144, 122, 225, 103, 227, 142, 30, 123, 169, 141, 182, 193, 72, 77, 38, 142, 210, 242, 84, 43, 247, 129, 224, 142, 109, 250, 170, 67, 133, 19, 69, 142, 251, 204, 238, 237, 49, 16, 66, 54, 152, 5, 251, 22, 47, 10, 127, 140, 10, 172, 129, 147, 59, 34, 147, 82, 216, 35, 198, 204, 143, 150, 16, 188, 149, 121, 134, 5, 37, 82, 130, 39, 50, 137, 245, 33, 98, 106, 209, 140, 31, 3, 227, 106, 74, 227, 250, 61, 22, 47, 11, 90, 1, 218, 27, 224, 194, 2, 103, 18, 180, 108, 6, 4, 123, 6, 40, 104, 22, 92, 194, 19, 62, 135, 58, 127, 199, 203, 63, 247, 42, 104, 8, 10, 88, 157, 51, 46, 78, 85, 177, 171, 49, 0, 88, 29, 58, 17, 149, 140, 21, 27, 46, 79, 118, 132, 18, 131, 95, 16, 249, 130, 27, 163, 41, 54, 80, 52, 144, 103, 10, 201, 13, 3, 166, 96, 136, 249, 74, 40, 211, 131, 242, 142, 99, 175, 150, 48, 126, 80, 5, 76, 46, 121, 183, 241, 73, 162, 64, 67, 232, 193, 13, 152, 120, 64, 166, 117, 171, 220, 184, 108, 32, 227, 117, 212, 16, 153, 145, 209, 141, 30, 145, 48, 2, 219, 100, 126, 0, 111, 235, 160, 130, 166, 238, 238, 18, 90, 64, 159, 54, 211, 5, 205, 82, 132, 125, 112, 228, 1, 8, 170, 113, 143, 189, 201, 28, 202, 209, 49, 71, 209, 184, 25, 135, 216, 33, 205, 20, 160, 186, 51, 79, 17, 24, 178, 59, 208, 30, 167, 175, 230, 150, 79, 151, 122, 78, 51, 123, 179, 252, 233, 183, 238, 67, 173, 160, 152, 51, 112, 186, 118, 98, 163, 157, 194, 52, 190, 148, 33, 28, 132, 161, 248, 93, 126, 17, 48, 168, 26, 234, 144, 23, 69, 245, 43, 252, 24, 132, 22, 92, 7, 4, 228, 98, 136, 175, 40, 229, 148, 219, 242, 197, 68, 15, 214, 70, 249, 133, 136, 115, 169, 243, 191, 143, 219, 237, 82, 22, 92, 53, 86, 203, 45, 110, 79, 24, 112, 144, 220, 22, 86, 3, 232, 55, 22, 92, 32, 231, 75, 242, 98, 156, 57, 230, 97, 119, 165, 237, 247, 60, 55, 23, 168, 23, 8, 228, 152, 25, 90, 86, 251, 135, 83, 161, 243, 112, 40, 252, 235, 214, 40, 160, 224, 138, 42, 167, 148, 153, 35, 161, 187, 133, 108, 57, 133, 31, 204, 49, 234, 238, 104, 180, 251, 14, 214, 135, 161, 123, 54, 72, 209, 84, 76, 149, 93, 22, 47, 208, 51, 126, 112, 197, 121, 86, 173, 242, 21, 83, 76, 56, 206, 220, 171, 62, 1, 24, 44, 202, 125, 254, 141, 145, 1, 235, 156, 120, 47, 47, 102, 92, 92, 102, 0, 0, 1, 0, 7, 221, 30, 234, 62, 218, 25, 113, 72, 176, 190, 239, 155, 173, 122, 67, 249, 100, 176, 205, 186, 172, 252, 55, 12, 126, 149, 55, 186, 234, 157, 178, 241, 120, 120, 2, 100, 242, 24, 166, 95, 34, 34, 157, 29, 141, 29, 76, 121, 230, 194, 153, 202, 250, 22, 47, 39, 244, 118, 89, 84, 173, 7, 130, 171, 207, 6, 161, 162, 211, 134, 115, 155, 238, 199, 247, 28, 74, 216, 53, 120, 143, 22, 92, 17, 194, 97, 12, 143, 9, 145, 223, 212, 77, 29, 107, 17, 136, 39, 161, 215, 155, 174, 88, 32, 224, 35, 240, 150, 57, 38, 59, 206, 44, 185, 169, 190, 217, 138, 82, 24, 90, 192, 104, 237, 9, 198, 32, 163, 22, 47, 222, 226, 161, 34, 250, 188, 136, 207, 149, 169, 55, 251, 13, 128, 13, 135, 246, 161, 243, 138, 234, 60, 136, 27, 215, 41, 81, 252, 170, 18, 29, 79, 212, 141, 32, 8, 243, 162, 195, 140, 0, 133, 18, 22, 119, 237, 116, 203, 88, 24, 208, 41, 162, 42, 41, 14, 52, 230, 38, 200, 180, 166, 169, 124, 174, 64, 238, 149, 51, 213, 24, 177, 56, 160, 201, 153, 17, 28, 111, 130, 69, 95, 154, 168, 2, 206, 169, 42, 224, 57, 222, 51, 197, 207, 122, 128, 191, 126, 149, 254, 198, 98, 81, 21, 137, 142, 178, 216, 247, 250, 143, 239, 44, 129, 255, 55, 177, 17, 243, 176, 39, 116, 115, 91, 80, 87, 198, 57, 176, 66, 137, 139, 76, 30, 35, 190, 90, 74, 171, 229, 80, 130, 202, 151, 121, 63, 24, 89, 246, 53, 229, 28, 102, 166, 136, 240, 145, 32, 53, 22, 126, 231, 42, 150, 150, 37, 184, 89, 153, 139, 83, 6, 217, 182, 218, 3, 150, 190, 98, 176, 206, 7, 232, 28, 81, 188, 138, 169, 20, 52, 237, 220, 249, 221, 18, 16, 111, 117, 43, 242, 238, 224, 152, 215, 242, 66, 123, 138, 3, 144, 78, 56, 206, 27, 70, 87, 20, 3, 79, 230, 207, 173, 107, 124, 138, 87, 159, 244, 250, 230, 149, 86, 26, 178, 220, 217, 191, 63, 34, 8, 69, 234, 196, 52, 254, 24, 67, 13, 165, 94, 190, 210, 80, 249, 107, 198, 60, 125, 75, 123, 140, 126, 235, 35, 70, 140, 177, 137, 216, 77, 15, 64, 190, 89, 120, 18, 73, 187, 105, 94, 252, 139, 176, 191, 118, 219, 74, 53, 214, 69, 253, 146, 199, 32, 192, 220, 5, 231, 24, 140, 158, 122, 52, 60, 56, 242, 219, 4, 215, 170, 126, 160, 52, 75, 188, 111, 87, 199, 22, 99, 216, 38, 200, 232, 20, 172, 56, 11, 110, 17, 143, 149, 51, 244, 93, 90, 84, 216, 250, 43, 246, 125, 14, 194, 219, 77, 203, 226, 168, 248, 97, 56, 158, 73, 63, 58, 50, 134, 225, 17, 151, 203, 238, 145, 28, 172, 122, 7, 117, 27, 20, 107, 233, 242, 161, 32, 21, 166, 161, 212, 46, 44, 201, 233, 187, 166, 150, 5, 48, 70, 141, 7, 26, 222, 255, 82, 154, 128, 181, 151, 233, 160, 3, 171, 253, 36, 60, 91, 135, 6, 206, 125, 134, 4, 154, 132, 76, 139, 25, 240, 163, 166, 75, 73, 170, 85, 88, 184, 72, 252, 210, 7, 59, 205, 70, 23, 157, 203, 64, 143, 37, 66, 74, 84, 123, 198, 133, 228, 118, 130, 231, 53, 174, 41, 185, 199, 222, 214, 219, 120, 104, 203, 225, 133, 61, 138, 220, 82, 62, 84, 154, 141, 150, 185, 169, 193, 225, 176, 132, 216, 141, 39, 115, 136, 42, 99, 8, 51, 36, 107, 101, 195, 54, 132, 61, 221, 231, 217, 28, 14, 172, 178, 76, 22, 224, 248, 27, 218, 147, 212, 215, 176, 171, 188, 253, 117, 118, 124, 137, 129, 223, 32, 82, 1, 94, 214, 116, 36, 158, 114, 12, 66, 56, 218, 254, 109, 205, 102, 217, 226, 49, 78, 225, 165, 255, 137, 153, 177, 80, 150, 0, 178, 191, 221, 97, 198, 89, 116, 129, 125, 197, 101, 75, 43, 58, 153, 52, 60, 135, 204, 161, 146, 114, 123, 175, 20, 104, 148, 80, 197, 207, 218, 44, 221, 58, 205, 201, 39, 78, 41, 180, 113, 199, 248, 65, 9, 78, 116, 10, 61, 185, 218, 110, 21, 76, 87, 213, 46, 221, 154, 203, 236, 73, 212, 187, 60, 167, 159, 199, 80, 122, 212, 22, 255, 115, 34, 35, 76, 65, 139, 69, 134, 46, 203, 146, 77, 161, 10, 150, 231, 148, 186, 115, 165, 19, 116, 77, 31, 217, 114, 103, 116, 64, 118, 95, 73, 76, 217, 194, 231, 236, 137, 159, 243, 17, 30, 140, 229, 9, 148, 34, 195, 9, 53, 157, 43, 229, 83, 156, 63, 255, 200, 227, 1, 241, 129, 99, 119, 32, 170, 89, 182, 49, 144, 203, 171, 18, 75, 219, 22, 47, 225, 53, 54, 211, 18, 71, 194, 107, 8, 194, 39, 172, 207, 131, 190, 81, 103, 146, 220, 96, 9, 53, 143, 111, 96, 224, 253, 90, 11, 163, 249, 36, 252, 142, 210, 98, 72, 6, 42, 196, 14, 115, 167, 175, 193, 155, 6, 31, 167, 179, 106, 49, 87, 65, 117, 75, 182, 217, 237, 1, 86, 139, 158, 61, 204, 108, 169, 113, 91, 172, 79, 169, 181, 192, 211, 231, 165, 146, 244, 107, 225, 10, 186, 140, 25, 2, 67, 18, 134, 117, 164, 116, 58, 58, 3, 153, 91, 124, 36, 145, 67, 33, 139, 19, 44, 86, 24, 153, 23, 25, 6, 250, 146, 144, 119, 142, 195, 224, 23, 177, 82, 68, 15, 15, 181, 67, 21, 249, 214, 149, 149, 68, 212, 145, 198, 86, 31, 237, 224, 66, 232, 149, 82, 13, 166, 87, 192, 73, 141, 17, 27, 91, 155, 90, 187, 65, 223, 215, 204, 232, 177, 101, 182, 254, 255, 49, 93, 162, 126, 51, 33, 96, 47, 47, 102, 92, 92, 102, 0, 0, 1, 0, 222, 24, 32, 178, 83, 94, 114, 161, 127, 0, 156, 159, 178, 249, 67, 22, 47, 77, 136, 75, 125, 34, 93, 146, 52, 144, 19, 181, 77, 52, 28, 132, 39, 218, 137, 44, 252, 86, 11, 135, 247, 230, 191, 104, 70, 122, 6, 56, 110, 191, 254, 146, 21, 117, 37, 106, 52, 242, 117, 3, 72, 45, 98, 187, 112, 169, 230, 219, 37, 12, 36, 198, 109, 207, 199, 188, 155, 157, 255, 239, 238, 6, 179, 242, 14, 168, 103, 221, 100, 126, 166, 28, 46, 53, 101, 51, 30, 217, 111, 152, 191, 193, 251, 179, 45, 108, 95, 6, 4, 189, 90, 36, 14, 193, 177, 186, 10, 46, 68, 199, 1, 109, 110, 163, 195, 48, 19, 188, 181, 36, 97, 107, 143, 17, 242, 203, 117, 80, 191, 5, 173, 14, 16, 227, 43, 113, 141, 178, 143, 3, 122, 20, 217, 158, 76, 223, 243, 74, 152, 178, 154, 140, 114, 27, 223, 22, 92, 39, 129, 183, 6, 214, 249, 216, 242, 22, 47, 115, 69, 246, 241, 118, 212, 40, 30, 170, 145, 235, 16, 114, 95, 187, 100, 195, 222, 198, 99, 75, 147, 48, 81, 142, 180, 242, 187, 206, 159, 209, 255, 87, 175, 14, 239, 38, 136, 241, 181, 255, 16, 9, 35, 114, 68, 124, 171, 193, 20, 22, 92, 206, 13, 174, 9, 143, 172, 199, 84, 58, 158, 101, 206, 188, 240, 202, 85, 62, 17, 228, 94, 149, 4, 128, 17, 213, 96, 225, 20, 151, 174, 117, 89, 147, 112, 240, 204, 112, 106, 202, 188, 43, 74, 107, 111, 146, 234, 40, 49, 36, 71, 70, 30, 134, 32, 204, 230, 9, 117, 252, 11, 79, 236, 29, 145, 11, 0, 73, 248, 185, 215, 25, 132, 132, 235, 248, 164, 89, 99, 131, 239, 189, 26, 226, 31, 212, 33, 40, 21, 60, 184, 10, 231, 34, 49, 184, 174, 2, 88, 120, 71, 19, 244, 58, 39, 177, 150, 14, 196, 249, 54, 41, 161, 245, 130, 96, 179, 22, 92, 179, 239, 68, 7, 184, 151, 191, 9, 24, 37, 21, 105, 100, 20, 210, 218, 128, 197, 211, 192, 40, 2, 151, 90, 112, 245, 15, 230, 11, 22, 121, 130, 191, 181, 130, 108, 225, 18, 165, 117, 6, 205, 41, 129, 185, 48, 233, 248, 232, 31, 41, 210, 160, 185, 134, 253, 165, 212, 68, 82, 156, 75, 62, 229, 162, 30, 116, 8, 152, 166, 217, 4, 80, 81, 21, 120, 144, 170, 117, 221, 226, 236, 27, 216, 224, 210, 183, 207, 221, 228, 185, 230, 88, 113, 16, 103, 157, 254, 41, 2, 22, 47, 14, 196, 212, 146, 16, 39, 150, 60, 59, 176, 138, 175, 247, 102, 31, 209, 218, 242, 51, 117, 231, 140, 24, 170, 122, 113, 52, 121, 228, 216, 152, 8, 26, 197, 163, 1, 88, 253, 22, 92, 14, 106, 105, 57, 205, 180, 19, 155, 177, 224, 44, 156, 251, 100, 232, 56, 137, 80, 251, 1, 60, 149, 165, 77, 49, 36, 254, 193, 104, 162, 168, 167, 192, 70, 171, 140, 45, 66, 155, 27, 243, 161, 156, 90, 161, 195, 204, 8, 151, 117, 118, 191, 206, 36, 69, 227, 198, 173, 72, 165, 202, 183, 87, 140, 91, 147, 248, 253, 14, 171, 90, 29, 162, 49, 251, 229, 3, 22, 47, 217, 76, 57, 42, 125, 140, 16, 252, 17, 8, 247, 71, 116, 54, 78, 197, 214, 11, 241, 202, 232, 208, 29, 165, 246, 142, 206, 86, 170, 186, 55, 161, 210, 74, 21, 16, 104, 135, 129, 194, 162, 150, 155, 225, 191, 93, 44, 17, 91, 179, 148, 61, 128, 4, 78, 126, 28, 79, 119, 178, 72, 0, 115, 237, 94, 125, 209, 108, 240, 164, 134, 245, 73, 225, 193, 12, 158, 210, 200, 1, 177, 114, 254, 67, 237, 122, 220, 133, 233, 137, 87, 176, 85, 145, 32, 190, 164, 30, 13, 84, 241, 192, 193, 228, 103, 123, 13, 111, 89, 241, 144, 18, 73, 136, 85, 200, 18, 95, 219, 210, 42, 101, 234, 80, 168, 11, 123, 31, 25, 253, 73, 220, 217, 51, 145, 108, 174, 106, 136, 161, 159, 203, 80, 207, 133, 24, 80, 21, 58, 48, 208, 233, 129, 191, 203, 2, 65, 240, 22, 92, 244, 197, 113, 96, 110, 165, 217, 29, 32, 5, 77, 196, 48, 96, 26, 244, 217, 6, 142, 217, 14, 125, 168, 222, 171, 192, 238, 137, 219, 200, 34, 10, 254, 0, 118, 253, 192, 228, 248, 103, 102, 54, 195, 4, 70, 136, 0, 167, 22, 92, 236, 112, 165, 60, 42, 22, 47, 184, 67, 214, 190, 10, 134, 35, 184, 199, 22, 92, 34, 105, 82, 242, 13, 146, 123, 164, 177, 40, 63, 20, 182, 188, 35, 71, 172, 238, 155, 128, 19, 135, 57, 169, 42, 126, 99, 38, 104, 251, 166, 33, 184, 119, 174, 156, 241, 38, 200, 186, 250, 229, 226, 206, 29, 162, 209, 0, 76, 252, 255, 56, 160, 213, 195, 122, 235, 117, 109, 63, 251, 163, 14, 11, 51, 121, 216, 82, 147, 115, 78, 181, 153, 4, 10, 126, 91, 108, 188, 31, 98, 168, 17, 16, 3, 209, 8, 175, 111, 174, 170, 163, 60, 181, 178, 254, 116, 0, 132, 80, 163, 209, 98, 64, 13, 4, 68, 231, 141, 61, 44, 126, 48, 20, 17, 59, 33, 28, 226, 90, 186, 54, 93, 245, 61, 172, 190, 115, 52, 67, 130, 118, 27, 126, 252, 184, 87, 16, 6, 203, 246, 244, 103, 0, 76, 125, 35, 86, 61, 208, 33, 23, 150, 118, 149, 88, 28, 219, 179, 84, 168, 180, 123, 210, 83, 16, 227, 213, 166, 207, 158, 12, 36, 13, 116, 153, 235, 12, 104, 179, 162, 33, 33, 238, 20, 65, 226, 196, 95, 213, 217, 83, 143, 109, 224, 45, 242, 31, 181, 145, 237, 121, 253, 65, 94, 64, 160, 251, 64, 73, 89, 183, 49, 56, 151, 86, 47, 47, 102, 92, 92, 102, 0, 0, 1, 0, 71, 210, 67, 111, 60, 79, 61, 108, 145, 253, 54, 77, 79, 80, 113, 154, 79, 6, 129, 37, 235, 78, 49, 149, 239, 195, 108, 73, 34, 210, 40, 79, 13, 89, 91, 219, 93, 140, 131, 151, 106, 74, 14, 75, 145, 160, 141, 119, 169, 247, 37, 46, 126, 19, 56, 186, 93, 25, 78, 76, 176, 230, 189, 236, 102, 156, 188, 198, 44, 107, 202, 195, 72, 52, 89, 103, 191, 93, 35, 216, 229, 197, 131, 185, 193, 220, 192, 206, 224, 83, 25, 58, 37, 250, 128, 214, 78, 227, 24, 26, 49, 103, 69, 183, 80, 243, 217, 89, 100, 72, 16, 108, 238, 176, 140, 165, 160, 21, 105, 186, 2, 122, 197, 94, 88, 165, 57, 218, 208, 186, 116, 87, 81, 144, 37, 12, 11, 6, 253, 249, 232, 31, 185, 249, 51, 21, 55, 16, 171, 8, 169, 142, 207, 11, 195, 241, 85, 100, 68, 168, 211, 183, 63, 63, 222, 116, 39, 217, 163, 178, 218, 217, 115, 254, 28, 116, 26, 244, 52, 177, 49, 19, 46, 5, 166, 164, 230, 22, 145, 255, 36, 35, 63, 255, 164, 53, 231, 95, 21, 22, 47, 191, 185, 217, 87, 247, 10, 202, 150, 104, 22, 47, 187, 114, 103, 218, 27, 8, 193, 31, 214, 239, 189, 58, 136, 232, 149, 241, 247, 74, 12, 52, 22, 47, 254, 22, 232, 15, 117, 22, 92, 111, 199, 104, 123, 65, 108, 18, 172, 22, 180, 143, 247, 214, 117, 28, 153, 138, 26, 214, 51, 212, 111, 17, 97, 35, 142, 3, 210, 168, 105, 14, 223, 225, 223, 177, 49, 150, 132, 155, 150, 24, 171, 140, 193, 25, 175, 129, 28, 186, 46, 178, 237, 170, 181, 64, 235, 63, 15, 63, 145, 135, 65, 226, 166, 85, 115, 43, 209, 7, 12, 152, 137, 57, 25, 111, 230, 143, 101, 67, 151, 31, 23, 15, 146, 124, 175, 49, 248, 105, 24, 40, 187, 146, 17, 37, 64, 64, 5, 77, 112, 141, 201, 107, 157, 94, 193, 212, 99, 212, 80, 160, 107, 228, 52, 26, 39, 57, 239, 208, 19, 90, 176, 177, 27, 97, 40, 64, 70, 91, 195, 90, 60, 2, 197, 205, 188, 93, 110, 31, 200, 55, 245, 76, 228, 115, 254, 3, 198, 195, 252, 143, 107, 147, 87, 121, 61, 90, 39, 185, 205, 194, 54, 235, 232, 226, 42, 163, 223, 8, 147, 183, 72, 189, 213, 100, 237, 110, 3, 211, 188, 203, 229, 42, 191, 36, 255, 217, 241, 31, 9, 26, 203, 55, 199, 253, 11, 134, 233, 198, 151, 29, 109, 108, 116, 66, 183, 128, 5, 51, 64, 223, 41, 69, 142, 22, 85, 9, 168, 225, 246, 55, 128, 185, 254, 46, 180, 245, 112, 122, 193, 198, 141, 128, 101, 89, 7, 186, 230, 126, 146, 133, 73, 97, 127, 42, 165, 102, 196, 211, 225, 105, 83, 1, 24, 99, 214, 229, 19, 243, 84, 139, 244, 87, 19, 243, 154, 163, 41, 163, 51, 252, 25, 141, 117, 161, 14, 40, 82, 254, 135, 201, 146, 2, 32, 0, 58, 224, 198, 188, 107, 128, 233, 198, 129, 59, 66, 74, 88, 6, 113, 82, 136, 124, 129, 150, 36, 136, 117, 157, 227, 118, 219, 79, 29, 159, 158, 167, 99, 235, 249, 112, 51, 54, 154, 183, 28, 141, 233, 19, 10, 2, 95, 95, 65, 104, 247, 233, 240, 250, 75, 220, 95, 202, 71, 85, 45, 145, 172, 247, 159, 255, 214, 32, 163, 89, 210, 216, 232, 25, 153, 239, 254, 176, 99, 13, 241, 201, 119, 11, 159, 179, 244, 76, 251, 36, 57, 77, 44, 9, 163, 40, 182, 236, 164, 162, 124, 78, 159, 204, 9, 187, 254, 117, 84, 227, 188, 40, 24, 1, 109, 200, 254, 61, 253, 38, 191, 159, 6, 12, 189, 22, 47, 25, 94, 29, 8, 170, 9, 45, 205, 44, 171, 141, 127, 79, 73, 77, 195, 154, 65, 156, 122, 152, 75, 73, 24, 167, 42, 107, 208, 233, 154, 84, 227, 183, 49, 254, 222, 200, 168, 20, 127, 139, 44, 169, 82, 172, 176, 222, 229, 0, 60, 91, 159, 141, 121, 213, 115, 217, 169, 161, 165, 219, 167, 192, 84, 93, 220, 244, 179, 31, 144, 249, 184, 82, 249, 17, 141, 140, 144, 65, 27, 185, 6, 141, 89, 219, 43, 245, 22, 47, 179, 78, 53, 103, 43, 214, 176, 181, 170, 16, 96, 220, 205, 35, 94, 77, 249, 128, 214, 242, 138, 155, 152, 153, 121, 225, 58, 215, 116, 218, 179, 195, 208, 5, 148, 228, 124, 75, 191, 215, 52, 173, 114, 236, 80, 210, 109, 66, 99, 233, 69, 125, 218, 252, 219, 36, 58, 138, 202, 199, 88, 172, 17, 122, 243, 130, 129, 18, 174, 253, 119, 39, 22, 171, 123, 118, 252, 56, 59, 35, 180, 203, 190, 13, 22, 47, 114, 115, 20, 206, 241, 36, 204, 82, 128, 183, 107, 70, 144, 122, 225, 56, 164, 171, 89, 170, 108, 216, 120, 29, 33, 56, 187, 245, 247, 1, 81, 84, 38, 93, 143, 245, 227, 195, 166, 56, 190, 131, 0, 103, 4, 39, 55, 81, 161, 87, 17, 219, 102, 118, 139, 124, 167, 221, 84, 88, 100, 54, 156, 174, 246, 150, 93, 96, 222, 226, 218, 85, 145, 219, 23, 225, 108, 52, 227, 211, 163, 51, 175, 97, 173, 250, 223, 217, 96, 236, 87, 179, 203, 22, 92, 7, 70, 97, 110, 163, 161, 234, 193, 224, 30, 116, 59, 217, 30, 99, 104, 55, 60, 34, 104, 192, 190, 216, 5, 19, 154, 166, 198, 112, 117, 12, 37, 66, 150, 60, 196, 96, 3, 233, 117, 100, 81, 250, 7, 174, 166, 241, 2, 220, 65, 4, 0, 193, 150, 241, 233, 121, 216, 48, 99, 94, 236, 213, 42, 54, 228, 55, 57, 170, 6, 207, 111, 182, 180, 25, 170, 35, 63, 161, 112, 23, 223, 7, 225, 131, 47, 47, 102, 92, 92, 102, 0, 0, 1, 0, 252, 207, 176, 164, 110, 182, 22, 109, 117, 142, 145, 178, 93, 4, 60, 30, 157, 121, 131, 244, 231, 4, 106, 169, 136]
Ok(
    (),
)
re receiving
receiving in here
self remainder: []
new remainder: [47, 47, 102, 92, 92, 102, 0, 0, 1, 0, 166, 250, 125, 21, 9, 34, 87, 22, 92, 199, 12, 129, 7, 154, 163, 128, 87, 250, 250, 252, 25, 115, 252, 32, 14, 226, 81, 40, 110, 171, 208, 203, 221, 137, 162, 129, 7, 112, 234, 122, 170, 128, 202, 156, 250, 99, 34, 208, 159, 183, 112, 118, 232, 4, 150, 195, 114, 118, 252, 71, 211, 82, 242, 22, 47, 173, 195, 71, 10, 157, 117, 86, 30, 38, 142, 1, 3, 68, 219, 108, 130, 106, 97, 45, 161, 234, 67, 53, 249, 180, 75, 145, 29, 34, 4, 27, 51, 245, 22, 92, 78, 178, 46, 22, 200, 245, 82, 124, 147, 191, 223, 224, 113, 16, 136, 54, 243, 150, 98, 146, 249, 17, 89, 65, 211, 171, 248, 48, 93, 251, 151, 24, 152, 4, 254, 185, 144, 2, 192, 107, 218, 49, 84, 233, 216, 42, 39, 249, 137, 103, 216, 54, 8, 42, 141, 245, 207, 220, 198, 58, 35, 201, 211, 119, 142, 16, 19, 121, 222, 252, 99, 51, 242, 177, 4, 98, 32, 102, 232, 37, 209, 209, 26, 245, 203, 27, 243, 113, 132, 69, 81, 218, 223, 192, 100, 191, 6, 75, 67, 135, 64, 161, 208, 2, 4, 109, 148, 17, 214, 9, 26, 46, 155, 200, 10, 230, 185, 129, 204, 114, 181, 5, 221, 153, 28, 241, 89, 244, 5, 141, 12, 215, 157, 121, 117, 126, 129, 155, 26, 124, 15, 224, 216, 211, 158, 198, 188, 3, 55, 8, 111, 63, 201, 139, 159, 76, 148, 28, 156, 26, 17, 62, 48, 9, 202, 59, 249, 138, 32, 64, 212, 197, 205, 167, 67, 225, 203, 247, 172, 34, 8, 80, 208, 184, 155, 74, 93, 234, 216, 175, 182, 109, 145, 124, 30, 192, 137, 124, 160, 30, 109, 106, 104, 104, 186, 14, 72, 242, 226, 230, 4, 95, 84, 202, 169, 224, 219, 53, 183, 108, 181, 0, 174, 206, 250, 206, 15, 72, 216, 204, 54, 142, 237, 222, 68, 182, 56, 40, 96, 40, 180, 82, 48, 239, 195, 22, 47, 91, 114, 217, 107, 223, 0, 9, 64, 246, 191, 20, 6, 23, 87, 57, 68, 154, 147, 16, 147, 239, 187, 46, 225, 143, 57, 122, 137, 115, 149, 144, 40, 191, 223, 62, 46, 141, 66, 251, 95, 244, 36, 13, 18, 139, 21, 33, 202, 132, 118, 144, 135, 89, 199, 131, 125, 154, 108, 219, 191, 250, 74, 168, 84, 229, 98, 179, 148, 175, 90, 102, 214, 186, 160, 56, 233, 3, 9, 76, 122, 53, 132, 233, 202, 60, 18, 118, 161, 218, 143, 22, 92, 235, 238, 99, 39, 22, 92, 112, 120, 161, 94, 19, 208, 75, 27, 66, 178, 164, 252, 239, 223, 11, 208, 101, 238, 77, 117, 102, 49, 87, 6, 240, 161, 131, 209, 205, 19, 163, 228, 32, 130, 135, 151, 82, 55, 243, 134, 60, 163, 111, 91, 147, 248, 210, 108, 238, 69, 31, 245, 183, 65, 56, 183, 238, 33, 177, 204, 148, 167, 119, 72, 205, 60, 212, 88, 59, 66, 223, 153, 66, 160, 189, 161, 85, 1, 232, 94, 137, 70, 70, 86, 83, 240, 107, 52, 23, 127, 239, 197, 240, 18, 193, 34, 214, 143, 35, 211, 4, 213, 33, 17, 6, 6, 53, 165, 53, 130, 87, 67, 3, 208, 140, 184, 101, 108, 96, 75, 60, 80, 81, 188, 89, 71, 108, 154, 188, 137, 146, 45, 215, 209, 230, 235, 198, 172, 93, 238, 15, 180, 242, 219, 30, 119, 93, 189, 186, 167, 144, 34, 225, 89, 118, 7, 66, 175, 190, 83, 7, 22, 92, 138, 225, 206, 167, 195, 255, 19, 197, 241, 88, 148, 228, 114, 93, 69, 103, 10, 132, 141, 208, 4, 160, 73, 2, 203, 103, 200, 3, 2, 112, 6, 52, 13, 78, 235, 167, 185, 203, 176, 71, 131, 22, 68, 56, 116, 50, 192, 228, 189, 255, 137, 164, 252, 188, 245, 207, 17, 28, 72, 49, 17, 12, 235, 60, 211, 53, 117, 119, 165, 26, 176, 123, 248, 236, 17, 163, 161, 79, 15, 38, 178, 137, 115, 22, 92, 136, 237, 225, 213, 222, 182, 146, 151, 90, 250, 148, 8, 213, 249, 108, 0, 142, 162, 197, 244, 157, 201, 53, 48, 32, 40, 43, 84, 22, 92, 172, 48, 172, 38, 228, 206, 121, 13, 221, 179, 252, 123, 174, 240, 76, 194, 181, 226, 79, 142, 85, 132, 212, 235, 81, 148, 170, 158, 24, 12, 11, 160, 119, 72, 74, 17, 67, 252, 85, 73, 202, 48, 58, 65, 222, 26, 73, 69, 228, 22, 47, 110, 27, 91, 83, 110, 207, 208, 140, 79, 83, 104, 201, 88, 210, 67, 56, 77, 17, 22, 47, 21, 18, 134, 134, 65, 61, 167, 123, 109, 37, 247, 204, 73, 112, 85, 52, 86, 174, 138, 195, 252, 108, 213, 168, 41, 101, 155, 157, 135, 67, 141, 176, 95, 160, 96, 34, 188, 61, 13, 211, 23, 187, 134, 26, 70, 246, 159, 24, 26, 218, 58, 71, 114, 123, 39, 95, 0, 154, 17, 15, 83, 28, 3, 228, 136, 27, 141, 44, 232, 94, 27, 216, 119, 192, 99, 178, 43, 233, 82, 252, 241, 142, 154, 181, 215, 210, 61, 186, 196, 58, 75, 194, 23, 108, 139, 235, 153, 156, 205, 143, 51, 44, 83, 186, 138, 115, 102, 48, 91, 213, 187, 3, 107, 75, 123, 120, 162, 144, 210, 235, 242, 77, 108, 80, 93, 214, 36, 156, 139, 176, 86, 201, 105, 26, 153, 54, 223, 68, 40, 129, 74, 98, 59, 224, 195, 246, 250, 121, 89, 102, 104, 82, 4, 13, 16, 205, 148, 122, 206, 59, 176, 32, 144, 125, 3, 252, 168, 7, 130, 84, 189, 86, 42, 37, 64, 72, 63, 10, 201, 211, 43, 134, 242, 198, 16, 219, 68, 143, 139, 48, 177, 111, 122, 179, 167, 39, 105, 244, 114, 6, 41, 124, 55, 129, 13, 100, 56, 16, 107, 212, 148, 170, 228, 22, 47, 223, 249, 170, 47, 47, 102, 92, 92, 102, 0, 0, 1, 0, 192, 42, 146, 231, 29, 187, 29, 11, 246, 23, 95, 143, 156, 144, 149, 214, 80, 49, 78, 239, 90, 41, 164, 11, 197, 183, 89, 64, 182, 78, 73, 163, 253, 121, 191, 46, 203, 214, 135, 81, 26, 170, 143, 91, 159, 164, 38, 243, 235, 139, 158, 2, 182, 2, 194, 206, 158, 181, 22, 157, 129, 83, 172, 241, 40, 15, 203, 223, 53, 181, 251, 109, 180, 244, 177, 242, 167, 143, 62, 120, 136, 189, 226, 83, 45, 211, 182, 149, 46, 198, 83, 81, 25, 118, 243, 101, 160, 157, 9, 112, 75, 141, 35, 149, 213, 12, 225, 222, 0, 113, 86, 137, 65, 112, 93, 214, 112, 93, 20, 37, 137, 115, 23, 122, 157, 185, 71, 239, 250, 140, 201, 55, 131, 176, 13, 243, 235, 187, 240, 77, 109, 131, 86, 29, 17, 184, 68, 241, 224, 206, 187, 211, 172, 120, 141, 249, 73, 178, 200, 38, 208, 77, 38, 212, 8, 51, 145, 110, 179, 136, 54, 152, 66, 49, 154, 229, 155, 21, 74, 119, 29, 88, 27, 234, 3, 252, 108, 145, 150, 249, 60, 80, 38, 48, 56, 40, 142, 76, 69, 21, 171, 142, 106, 232, 70, 228, 67, 84, 23, 59, 222, 89, 182, 4, 60, 225, 48, 243, 237, 149, 204, 207, 178, 218, 166, 209, 8, 50, 207, 46, 253, 58, 250, 201, 12, 114, 99, 8, 84, 109, 159, 163, 69, 65, 239, 63, 244, 135, 181, 3, 214, 209, 181, 233, 119, 31, 117, 172, 130, 196, 245, 76, 221, 206, 202, 163, 96, 186, 25, 229, 106, 70, 152, 81, 8, 142, 22, 47, 214, 130, 74, 0, 222, 228, 159, 102, 89, 205, 49, 229, 210, 16, 121, 129, 130, 76, 254, 53, 66, 106, 72, 36, 178, 118, 37, 255, 171, 255, 133, 155, 22, 92, 248, 146, 117, 156, 39, 133, 84, 178, 14, 228, 166, 26, 31, 16, 90, 84, 9, 96, 193, 167, 148, 112, 80, 42, 5, 176, 110, 114, 22, 47, 151, 192, 60, 238, 111, 12, 134, 144, 19, 159, 211, 13, 232, 223, 28, 82, 121, 84, 225, 224, 166, 239, 50, 73, 229, 106, 24, 207, 197, 50, 119, 243, 216, 214, 64, 22, 47, 35, 234, 228, 0, 27, 120, 124, 200, 29, 22, 47, 188, 74, 46, 56, 13, 93, 203, 246, 204, 69, 60, 102, 167, 17, 75, 140, 169, 192, 135, 64, 130, 75, 227, 185, 205, 26, 105, 207, 25, 228, 171, 62, 125, 37, 9, 53, 156, 198, 170, 24, 111, 183, 98, 93, 11, 109, 176, 114, 171, 228, 218, 76, 22, 235, 61, 123, 237, 10, 182, 242, 202, 178, 131, 106, 131, 115, 94, 131, 129, 53, 195, 27, 208, 69, 20, 113, 98, 48, 98, 109, 69, 87, 54, 193, 203, 70, 66, 221, 35, 104, 113, 117, 225, 172, 211, 247, 75, 229, 14, 226, 243, 3, 76, 88, 73, 244, 65, 189, 64, 234, 218, 206, 85, 113, 104, 84, 235, 101, 248, 208, 119, 185, 24, 250, 73, 189, 124, 174, 188, 120, 221, 245, 181, 198, 147, 40, 49, 76, 130, 83, 5, 226, 83, 130, 37, 74, 234, 153, 114, 235, 242, 193, 109, 97, 203, 57, 180, 19, 76, 86, 30, 237, 140, 169, 119, 1, 21, 25, 143, 198, 201, 95, 162, 96, 37, 71, 207, 104, 235, 123, 208, 223, 227, 140, 83, 254, 167, 219, 2, 197, 193, 26, 34, 178, 85, 23, 162, 243, 223, 207, 121, 240, 2, 68, 22, 41, 195, 38, 142, 194, 163, 53, 227, 58, 94, 89, 135, 55, 229, 189, 236, 118, 128, 100, 188, 106, 175, 117, 209, 45, 198, 124, 22, 92, 9, 165, 158, 101, 219, 158, 143, 113, 166, 44, 50, 144, 140, 206, 226, 62, 68, 85, 251, 241, 199, 209, 247, 197, 192, 242, 218, 14, 249, 102, 94, 67, 136, 52, 124, 249, 129, 122, 15, 187, 80, 101, 44, 131, 48, 73, 158, 147, 71, 204, 78, 127, 229, 93, 121, 151, 244, 145, 76, 173, 233, 36, 8, 180, 194, 110, 115, 102, 220, 128, 109, 12, 232, 17, 42, 72, 224, 78, 230, 11, 172, 147, 167, 53, 171, 240, 149, 83, 253, 245, 24, 53, 14, 123, 242, 79, 122, 44, 231, 130, 208, 196, 122, 160, 199, 108, 196, 82, 173, 159, 76, 200, 55, 211, 104, 213, 166, 100, 140, 32, 183, 217, 240, 95, 105, 76, 90, 217, 87, 181, 229, 222, 22, 92, 76, 14, 125, 158, 116, 208, 87, 156, 145, 99, 45, 134, 93, 50, 83, 223, 135, 178, 251, 141, 209, 85, 25, 174, 230, 173, 212, 205, 139, 183, 52, 140, 155, 194, 7, 252, 173, 152, 150, 225, 14, 146, 60, 121, 3, 237, 248, 48, 213, 67, 34, 137, 167, 159, 216, 241, 98, 206, 0, 33, 15, 83, 37, 177, 228, 220, 133, 233, 102, 108, 160, 223, 151, 193, 7, 68, 149, 138, 80, 149, 245, 241, 221, 132, 245, 19, 245, 224, 84, 203, 227, 253, 245, 195, 60, 158, 125, 190, 18, 167, 168, 211, 239, 82, 113, 54, 231, 68, 90, 253, 22, 92, 109, 10, 204, 219, 29, 211, 159, 148, 159, 141, 151, 150, 175, 242, 168, 190, 13, 213, 215, 97, 160, 86, 97, 101, 107, 199, 28, 111, 170, 109, 208, 200, 104, 166, 238, 171, 3, 230, 171, 179, 124, 140, 176, 251, 29, 222, 242, 233, 41, 33, 15, 188, 201, 185, 98, 17, 67, 90, 118, 56, 173, 32, 33, 126, 164, 95, 222, 181, 5, 139, 10, 10, 18, 105, 45, 165, 231, 174, 91, 147, 184, 62, 29, 72, 10, 202, 196, 210, 177, 136, 84, 217, 31, 2, 142, 40, 175, 11, 68, 61, 23, 254, 254, 57, 254, 10, 117, 176, 146, 62, 176, 248, 243, 5, 159, 231, 238, 227, 149, 55, 213, 103, 2, 12, 94, 10, 210, 197, 2, 192, 97, 164, 190, 26, 169, 127, 14, 64, 47, 47, 102, 92, 92, 102, 0, 0, 1, 0, 6, 20, 203, 233, 253, 97, 127, 35, 183, 231, 1, 55, 157, 52, 85, 128, 12, 158, 29, 67, 222, 101, 88, 121, 204, 42, 89, 143, 22, 47, 51, 59, 152, 20, 46, 161, 77, 158, 71, 201, 183, 219, 164, 172, 112, 214, 70, 59, 0, 239, 191, 199, 154, 175, 37, 243, 104, 229, 107, 73, 221, 240, 169, 94, 72, 139, 205, 20, 205, 41, 16, 136, 21, 191, 193, 14, 16, 210, 147, 5, 243, 245, 121, 248, 111, 33, 228, 76, 58, 51, 11, 240, 200, 15, 2, 255, 139, 49, 5, 36, 201, 66, 196, 205, 17, 251, 163, 216, 19, 152, 138, 156, 42, 197, 60, 23, 221, 210, 69, 7, 134, 91, 132, 22, 47, 20, 233, 40, 144, 97, 216, 212, 2, 226, 37, 15, 29, 93, 235, 199, 9, 241, 67, 102, 228, 95, 237, 49, 223, 207, 208, 137, 188, 179, 59, 38, 105, 88, 80, 127, 217, 161, 147, 237, 215]
own chunks: [0, 0, 1, 0, 125, 135, 96, 115, 184, 54, 170, 136, 209, 237, 167, 113, 89, 29, 109, 194, 93, 135, 175, 38, 200, 236, 211, 102, 159, 35, 74, 228, 133, 132, 255, 243, 219, 25, 214, 122, 83, 108, 179, 93, 78, 135, 2, 2, 252, 87, 91, 254, 244, 69, 94, 166, 136, 112, 142, 68, 18, 122, 88, 90, 2, 155, 43, 164, 213, 52, 81, 88, 130, 245, 55, 53, 239, 236, 127, 160, 216, 168, 207, 191, 95, 21, 161, 255, 22, 47, 91, 10, 119, 78, 249, 30, 124, 140, 22, 92, 13, 144, 37, 63, 43, 213, 105, 31, 73, 106, 177, 184, 56, 193, 109, 144, 235, 243, 179, 64, 224, 66, 233, 113, 199, 127, 220, 88, 214, 110, 114, 169, 122, 100, 87, 160, 135, 48, 245, 84, 163, 224, 244, 118, 164, 161, 116, 242, 76, 95, 171, 53, 84, 121, 203, 66, 9, 43, 230, 228, 211, 140, 236, 232, 60, 239, 106, 175, 102, 150, 206, 65, 108, 208, 6, 238, 113, 112, 171, 2, 215, 43, 1, 28, 241, 46, 144, 21, 130, 83, 253, 147, 156, 229, 126, 251, 57, 14, 240, 159, 189, 182, 219, 61, 78, 137, 155, 192, 244, 164, 144, 232, 182, 154, 151, 182, 0, 170, 45, 180, 136, 255, 217, 247, 221, 182, 36, 122, 224, 114, 27, 141, 152, 45, 131, 196, 162, 39, 235, 22, 47, 222, 27, 237, 254, 143, 200, 180, 69, 84, 94, 213, 227, 99, 227, 204, 25, 61, 37, 60, 99, 132, 247, 216, 221, 82, 19, 168, 33, 136, 66, 45, 27, 126, 181, 125, 135, 176, 195, 231, 122, 108, 63, 50, 158, 28, 254, 6, 174, 98, 148, 161, 33, 90, 53, 70, 182, 165, 223, 155, 44, 159, 57, 79, 210, 143, 185, 17, 16, 25, 116, 227, 14, 77, 144, 144, 186, 231, 49, 133, 112, 89, 149, 129, 79, 176, 137, 150, 215, 252, 127, 185, 86, 118, 110, 217, 17, 28, 22, 21, 195, 236, 45, 137, 251, 46, 253, 71, 162, 70, 207, 19, 78, 96, 79, 30, 17, 51, 231, 9, 205, 189, 57, 36, 215, 106, 161, 160, 35, 95, 108, 22, 92, 40, 115, 31, 86, 28, 217, 172, 60, 158, 109, 191, 185, 250, 89, 55, 23, 35, 249, 194, 54, 15, 167, 1, 1, 33, 29, 8, 200, 135, 120, 4, 121, 215, 22, 236, 66, 59, 231, 149, 185, 16, 41, 100, 31, 54, 6, 2, 90, 193, 51, 240, 219, 227, 23, 113, 223, 85, 214, 53, 1, 171, 73, 62, 251, 225, 206, 134, 120, 132, 230, 57, 27, 247, 195, 229, 224, 246, 155, 44, 82, 118, 181, 58, 87, 14, 120, 24, 169, 51, 12, 57, 234, 242, 217, 24, 96, 192, 118, 239, 203, 118, 218, 214, 117, 58, 208, 239, 70, 30, 33, 130, 209, 188, 232, 142, 144, 223, 218, 14, 151, 160, 164, 143, 203, 99, 219, 11, 227, 78, 181, 103, 103, 22, 120, 74, 0, 239, 52, 253, 2, 128, 196, 134, 15, 46, 67, 0, 40, 235, 184, 213, 125, 57, 15, 105, 163, 183, 128, 48, 241, 1, 168, 29, 49, 49, 101, 123, 193, 88, 140, 174, 221, 189, 22, 93, 46, 194, 40, 78, 82, 101, 36, 26, 174, 58, 146, 64, 130, 190, 205, 48, 169, 13, 129, 48, 59, 94, 104, 191, 210, 142, 10, 171, 108, 124, 154, 228, 101, 127, 186, 249, 100, 10, 243, 41, 114, 183, 129, 52, 22, 15, 38, 90, 242, 78, 25, 102, 114, 166, 140, 63, 242, 223, 153, 245, 120, 89, 6, 87, 174, 123, 156, 79, 202, 102, 196, 225, 89, 159, 199, 183, 60, 228, 132, 197, 69, 190, 7, 150, 192, 205, 77, 157, 212, 228, 107, 145, 19, 89, 78, 193, 134, 129, 230, 146, 6, 236, 167, 240, 132, 66, 146, 199, 101, 175, 53, 150, 249, 16, 53, 130, 58, 90, 43, 212, 70, 91, 188, 143, 150, 165, 136, 55, 159, 60, 114, 100, 189, 30, 77, 251, 133, 236, 187, 64, 81, 253, 248, 149, 136, 83, 245, 71, 19, 46, 54, 56, 6, 187, 215, 224, 33, 131, 216, 236, 162, 244, 88, 133, 183, 81, 23, 188, 70, 19, 71, 54, 28, 39, 63, 246, 162, 193, 71, 162, 154, 182, 208, 208, 248, 22, 92, 67, 82, 97, 119, 85, 146, 195, 249, 91, 206, 133, 195, 207, 17, 131, 39, 179, 138, 106, 239, 109, 189, 39, 244, 117, 39, 192, 64, 82, 166, 13, 59, 61, 220, 228, 68, 248, 213, 242, 66, 128, 171, 123, 32, 253, 154, 75, 78, 180, 202, 232, 22, 189, 172, 7, 52, 250, 109, 84, 93, 168, 213, 171, 220, 82, 144, 122, 37, 83, 166, 183, 105, 189, 247, 143, 63, 186, 210, 66, 41, 125, 72, 131, 135, 7, 231, 154, 215, 82, 7, 235, 50, 235, 97, 168, 177, 149, 206, 231, 120, 68, 22, 92, 69, 186, 217, 24, 182, 84, 137, 135, 89, 117, 46, 169, 109, 202, 250, 158, 35, 22, 92, 20, 217, 50, 45, 244, 2, 58, 187, 65, 123, 124, 203, 255, 148, 23, 250, 150, 250, 174, 65, 118, 19, 173, 42, 130, 51, 230, 65, 114, 171, 38, 20, 201, 155, 252, 31, 113, 133, 206, 181, 6, 154, 150, 203, 165, 41, 97, 62, 198, 153, 9, 179, 140, 213, 167, 32, 168, 177, 188, 187, 169, 42, 53, 122, 187, 144, 59, 97, 35, 56, 165, 108, 45, 43, 250, 171, 91, 189, 180, 230, 10, 32, 131, 157, 23, 200, 156, 203, 0, 6, 23, 20, 156, 132, 197, 183, 31, 135, 139, 22, 53, 239, 21, 207, 176, 137, 35, 30, 253, 126, 114, 90, 200, 59, 191, 68, 195, 132, 155, 176, 144, 70, 128, 30, 41, 121, 84, 207, 100, 105, 102, 111, 10, 140, 7, 95, 201, 211, 234, 183, 71, 224, 12, 198, 78, 115, 181, 234, 241, 248, 211, 123, 38, 224]
is handling remainder
self remainder: []
new remainder: [47, 47, 102, 92, 92, 102, 0, 0, 1, 0, 192, 42, 146, 231, 29, 187, 29, 11, 246, 23, 95, 143, 156, 144, 149, 214, 80, 49, 78, 239, 90, 41, 164, 11, 197, 183, 89, 64, 182, 78, 73, 163, 253, 121, 191, 46, 203, 214, 135, 81, 26, 170, 143, 91, 159, 164, 38, 243, 235, 139, 158, 2, 182, 2, 194, 206, 158, 181, 22, 157, 129, 83, 172, 241, 40, 15, 203, 223, 53, 181, 251, 109, 180, 244, 177, 242, 167, 143, 62, 120, 136, 189, 226, 83, 45, 211, 182, 149, 46, 198, 83, 81, 25, 118, 243, 101, 160, 157, 9, 112, 75, 141, 35, 149, 213, 12, 225, 222, 0, 113, 86, 137, 65, 112, 93, 214, 112, 93, 20, 37, 137, 115, 23, 122, 157, 185, 71, 239, 250, 140, 201, 55, 131, 176, 13, 243, 235, 187, 240, 77, 109, 131, 86, 29, 17, 184, 68, 241, 224, 206, 187, 211, 172, 120, 141, 249, 73, 178, 200, 38, 208, 77, 38, 212, 8, 51, 145, 110, 179, 136, 54, 152, 66, 49, 154, 229, 155, 21, 74, 119, 29, 88, 27, 234, 3, 252, 108, 145, 150, 249, 60, 80, 38, 48, 56, 40, 142, 76, 69, 21, 171, 142, 106, 232, 70, 228, 67, 84, 23, 59, 222, 89, 182, 4, 60, 225, 48, 243, 237, 149, 204, 207, 178, 218, 166, 209, 8, 50, 207, 46, 253, 58, 250, 201, 12, 114, 99, 8, 84, 109, 159, 163, 69, 65, 239, 63, 244, 135, 181, 3, 214, 209, 181, 233, 119, 31, 117, 172, 130, 196, 245, 76, 221, 206, 202, 163, 96, 186, 25, 229, 106, 70, 152, 81, 8, 142, 22, 47, 214, 130, 74, 0, 222, 228, 159, 102, 89, 205, 49, 229, 210, 16, 121, 129, 130, 76, 254, 53, 66, 106, 72, 36, 178, 118, 37, 255, 171, 255, 133, 155, 22, 92, 248, 146, 117, 156, 39, 133, 84, 178, 14, 228, 166, 26, 31, 16, 90, 84, 9, 96, 193, 167, 148, 112, 80, 42, 5, 176, 110, 114, 22, 47, 151, 192, 60, 238, 111, 12, 134, 144, 19, 159, 211, 13, 232, 223, 28, 82, 121, 84, 225, 224, 166, 239, 50, 73, 229, 106, 24, 207, 197, 50, 119, 243, 216, 214, 64, 22, 47, 35, 234, 228, 0, 27, 120, 124, 200, 29, 22, 47, 188, 74, 46, 56, 13, 93, 203, 246, 204, 69, 60, 102, 167, 17, 75, 140, 169, 192, 135, 64, 130, 75, 227, 185, 205, 26, 105, 207, 25, 228, 171, 62, 125, 37, 9, 53, 156, 198, 170, 24, 111, 183, 98, 93, 11, 109, 176, 114, 171, 228, 218, 76, 22, 235, 61, 123, 237, 10, 182, 242, 202, 178, 131, 106, 131, 115, 94, 131, 129, 53, 195, 27, 208, 69, 20, 113, 98, 48, 98, 109, 69, 87, 54, 193, 203, 70, 66, 221, 35, 104, 113, 117, 225, 172, 211, 247, 75, 229, 14, 226, 243, 3, 76, 88, 73, 244, 65, 189, 64, 234, 218, 206, 85, 113, 104, 84, 235, 101, 248, 208, 119, 185, 24, 250, 73, 189, 124, 174, 188, 120, 221, 245, 181, 198, 147, 40, 49, 76, 130, 83, 5, 226, 83, 130, 37, 74, 234, 153, 114, 235, 242, 193, 109, 97, 203, 57, 180, 19, 76, 86, 30, 237, 140, 169, 119, 1, 21, 25, 143, 198, 201, 95, 162, 96, 37, 71, 207, 104, 235, 123, 208, 223, 227, 140, 83, 254, 167, 219, 2, 197, 193, 26, 34, 178, 85, 23, 162, 243, 223, 207, 121, 240, 2, 68, 22, 41, 195, 38, 142, 194, 163, 53, 227, 58, 94, 89, 135, 55, 229, 189, 236, 118, 128, 100, 188, 106, 175, 117, 209, 45, 198, 124, 22, 92, 9, 165, 158, 101, 219, 158, 143, 113, 166, 44, 50, 144, 140, 206, 226, 62, 68, 85, 251, 241, 199, 209, 247, 197, 192, 242, 218, 14, 249, 102, 94, 67, 136, 52, 124, 249, 129, 122, 15, 187, 80, 101, 44, 131, 48, 73, 158, 147, 71, 204, 78, 127, 229, 93, 121, 151, 244, 145, 76, 173, 233, 36, 8, 180, 194, 110, 115, 102, 220, 128, 109, 12, 232, 17, 42, 72, 224, 78, 230, 11, 172, 147, 167, 53, 171, 240, 149, 83, 253, 245, 24, 53, 14, 123, 242, 79, 122, 44, 231, 130, 208, 196, 122, 160, 199, 108, 196, 82, 173, 159, 76, 200, 55, 211, 104, 213, 166, 100, 140, 32, 183, 217, 240, 95, 105, 76, 90, 217, 87, 181, 229, 222, 22, 92, 76, 14, 125, 158, 116, 208, 87, 156, 145, 99, 45, 134, 93, 50, 83, 223, 135, 178, 251, 141, 209, 85, 25, 174, 230, 173, 212, 205, 139, 183, 52, 140, 155, 194, 7, 252, 173, 152, 150, 225, 14, 146, 60, 121, 3, 237, 248, 48, 213, 67, 34, 137, 167, 159, 216, 241, 98, 206, 0, 33, 15, 83, 37, 177, 228, 220, 133, 233, 102, 108, 160, 223, 151, 193, 7, 68, 149, 138, 80, 149, 245, 241, 221, 132, 245, 19, 245, 224, 84, 203, 227, 253, 245, 195, 60, 158, 125, 190, 18, 167, 168, 211, 239, 82, 113, 54, 231, 68, 90, 253, 22, 92, 109, 10, 204, 219, 29, 211, 159, 148, 159, 141, 151, 150, 175, 242, 168, 190, 13, 213, 215, 97, 160, 86, 97, 101, 107, 199, 28, 111, 170, 109, 208, 200, 104, 166, 238, 171, 3, 230, 171, 179, 124, 140, 176, 251, 29, 222, 242, 233, 41, 33, 15, 188, 201, 185, 98, 17, 67, 90, 118, 56, 173, 32, 33, 126, 164, 95, 222, 181, 5, 139, 10, 10, 18, 105, 45, 165, 231, 174, 91, 147, 184, 62, 29, 72, 10, 202, 196, 210, 177, 136, 84, 217, 31, 2, 142, 40, 175, 11, 68, 61, 23, 254, 254, 57, 254, 10, 117, 176, 146, 62, 176, 248, 243, 5, 159, 231, 238, 227, 149, 55, 213, 103, 2, 12, 94, 10, 210, 197, 2, 192, 97, 164, 190, 26, 169, 127, 14, 64, 47, 47, 102, 92, 92, 102, 0, 0, 1, 0, 6, 20, 203, 233, 253, 97, 127, 35, 183, 231, 1, 55, 157, 52, 85, 128, 12, 158, 29, 67, 222, 101, 88, 121, 204, 42, 89, 143, 22, 47, 51, 59, 152, 20, 46, 161, 77, 158, 71, 201, 183, 219, 164, 172, 112, 214, 70, 59, 0, 239, 191, 199, 154, 175, 37, 243, 104, 229, 107, 73, 221, 240, 169, 94, 72, 139, 205, 20, 205, 41, 16, 136, 21, 191, 193, 14, 16, 210, 147, 5, 243, 245, 121, 248, 111, 33, 228, 76, 58, 51, 11, 240, 200, 15, 2, 255, 139, 49, 5, 36, 201, 66, 196, 205, 17, 251, 163, 216, 19, 152, 138, 156, 42, 197, 60, 23, 221, 210, 69, 7, 134, 91, 132, 22, 47, 20, 233, 40, 144, 97, 216, 212, 2, 226, 37, 15, 29, 93, 235, 199, 9, 241, 67, 102, 228, 95, 237, 49, 223, 207, 208, 137, 188, 179, 59, 38, 105, 88, 80, 127, 217, 161, 147, 237, 215]
own chunks: [0, 0, 1, 0, 166, 250, 125, 21, 9, 34, 87, 22, 92, 199, 12, 129, 7, 154, 163, 128, 87, 250, 250, 252, 25, 115, 252, 32, 14, 226, 81, 40, 110, 171, 208, 203, 221, 137, 162, 129, 7, 112, 234, 122, 170, 128, 202, 156, 250, 99, 34, 208, 159, 183, 112, 118, 232, 4, 150, 195, 114, 118, 252, 71, 211, 82, 242, 22, 47, 173, 195, 71, 10, 157, 117, 86, 30, 38, 142, 1, 3, 68, 219, 108, 130, 106, 97, 45, 161, 234, 67, 53, 249, 180, 75, 145, 29, 34, 4, 27, 51, 245, 22, 92, 78, 178, 46, 22, 200, 245, 82, 124, 147, 191, 223, 224, 113, 16, 136, 54, 243, 150, 98, 146, 249, 17, 89, 65, 211, 171, 248, 48, 93, 251, 151, 24, 152, 4, 254, 185, 144, 2, 192, 107, 218, 49, 84, 233, 216, 42, 39, 249, 137, 103, 216, 54, 8, 42, 141, 245, 207, 220, 198, 58, 35, 201, 211, 119, 142, 16, 19, 121, 222, 252, 99, 51, 242, 177, 4, 98, 32, 102, 232, 37, 209, 209, 26, 245, 203, 27, 243, 113, 132, 69, 81, 218, 223, 192, 100, 191, 6, 75, 67, 135, 64, 161, 208, 2, 4, 109, 148, 17, 214, 9, 26, 46, 155, 200, 10, 230, 185, 129, 204, 114, 181, 5, 221, 153, 28, 241, 89, 244, 5, 141, 12, 215, 157, 121, 117, 126, 129, 155, 26, 124, 15, 224, 216, 211, 158, 198, 188, 3, 55, 8, 111, 63, 201, 139, 159, 76, 148, 28, 156, 26, 17, 62, 48, 9, 202, 59, 249, 138, 32, 64, 212, 197, 205, 167, 67, 225, 203, 247, 172, 34, 8, 80, 208, 184, 155, 74, 93, 234, 216, 175, 182, 109, 145, 124, 30, 192, 137, 124, 160, 30, 109, 106, 104, 104, 186, 14, 72, 242, 226, 230, 4, 95, 84, 202, 169, 224, 219, 53, 183, 108, 181, 0, 174, 206, 250, 206, 15, 72, 216, 204, 54, 142, 237, 222, 68, 182, 56, 40, 96, 40, 180, 82, 48, 239, 195, 22, 47, 91, 114, 217, 107, 223, 0, 9, 64, 246, 191, 20, 6, 23, 87, 57, 68, 154, 147, 16, 147, 239, 187, 46, 225, 143, 57, 122, 137, 115, 149, 144, 40, 191, 223, 62, 46, 141, 66, 251, 95, 244, 36, 13, 18, 139, 21, 33, 202, 132, 118, 144, 135, 89, 199, 131, 125, 154, 108, 219, 191, 250, 74, 168, 84, 229, 98, 179, 148, 175, 90, 102, 214, 186, 160, 56, 233, 3, 9, 76, 122, 53, 132, 233, 202, 60, 18, 118, 161, 218, 143, 22, 92, 235, 238, 99, 39, 22, 92, 112, 120, 161, 94, 19, 208, 75, 27, 66, 178, 164, 252, 239, 223, 11, 208, 101, 238, 77, 117, 102, 49, 87, 6, 240, 161, 131, 209, 205, 19, 163, 228, 32, 130, 135, 151, 82, 55, 243, 134, 60, 163, 111, 91, 147, 248, 210, 108, 238, 69, 31, 245, 183, 65, 56, 183, 238, 33, 177, 204, 148, 167, 119, 72, 205, 60, 212, 88, 59, 66, 223, 153, 66, 160, 189, 161, 85, 1, 232, 94, 137, 70, 70, 86, 83, 240, 107, 52, 23, 127, 239, 197, 240, 18, 193, 34, 214, 143, 35, 211, 4, 213, 33, 17, 6, 6, 53, 165, 53, 130, 87, 67, 3, 208, 140, 184, 101, 108, 96, 75, 60, 80, 81, 188, 89, 71, 108, 154, 188, 137, 146, 45, 215, 209, 230, 235, 198, 172, 93, 238, 15, 180, 242, 219, 30, 119, 93, 189, 186, 167, 144, 34, 225, 89, 118, 7, 66, 175, 190, 83, 7, 22, 92, 138, 225, 206, 167, 195, 255, 19, 197, 241, 88, 148, 228, 114, 93, 69, 103, 10, 132, 141, 208, 4, 160, 73, 2, 203, 103, 200, 3, 2, 112, 6, 52, 13, 78, 235, 167, 185, 203, 176, 71, 131, 22, 68, 56, 116, 50, 192, 228, 189, 255, 137, 164, 252, 188, 245, 207, 17, 28, 72, 49, 17, 12, 235, 60, 211, 53, 117, 119, 165, 26, 176, 123, 248, 236, 17, 163, 161, 79, 15, 38, 178, 137, 115, 22, 92, 136, 237, 225, 213, 222, 182, 146, 151, 90, 250, 148, 8, 213, 249, 108, 0, 142, 162, 197, 244, 157, 201, 53, 48, 32, 40, 43, 84, 22, 92, 172, 48, 172, 38, 228, 206, 121, 13, 221, 179, 252, 123, 174, 240, 76, 194, 181, 226, 79, 142, 85, 132, 212, 235, 81, 148, 170, 158, 24, 12, 11, 160, 119, 72, 74, 17, 67, 252, 85, 73, 202, 48, 58, 65, 222, 26, 73, 69, 228, 22, 47, 110, 27, 91, 83, 110, 207, 208, 140, 79, 83, 104, 201, 88, 210, 67, 56, 77, 17, 22, 47, 21, 18, 134, 134, 65, 61, 167, 123, 109, 37, 247, 204, 73, 112, 85, 52, 86, 174, 138, 195, 252, 108, 213, 168, 41, 101, 155, 157, 135, 67, 141, 176, 95, 160, 96, 34, 188, 61, 13, 211, 23, 187, 134, 26, 70, 246, 159, 24, 26, 218, 58, 71, 114, 123, 39, 95, 0, 154, 17, 15, 83, 28, 3, 228, 136, 27, 141, 44, 232, 94, 27, 216, 119, 192, 99, 178, 43, 233, 82, 252, 241, 142, 154, 181, 215, 210, 61, 186, 196, 58, 75, 194, 23, 108, 139, 235, 153, 156, 205, 143, 51, 44, 83, 186, 138, 115, 102, 48, 91, 213, 187, 3, 107, 75, 123, 120, 162, 144, 210, 235, 242, 77, 108, 80, 93, 214, 36, 156, 139, 176, 86, 201, 105, 26, 153, 54, 223, 68, 40, 129, 74, 98, 59, 224, 195, 246, 250, 121, 89, 102, 104, 82, 4, 13, 16, 205, 148, 122, 206, 59, 176, 32, 144, 125, 3, 252, 168, 7, 130, 84, 189, 86, 42, 37, 64, 72, 63, 10, 201, 211, 43, 134, 242, 198, 16, 219, 68, 143, 139, 48, 177, 111, 122, 179, 167, 39, 105, 244, 114, 6, 41, 124, 55, 129, 13, 100, 56, 16, 107, 212, 148, 170, 228, 22, 47, 223, 249, 170]
is handling remainder
self remainder: []
new remainder: [47, 47, 102, 92, 92, 102, 0, 0, 1, 0, 6, 20, 203, 233, 253, 97, 127, 35, 183, 231, 1, 55, 157, 52, 85, 128, 12, 158, 29, 67, 222, 101, 88, 121, 204, 42, 89, 143, 22, 47, 51, 59, 152, 20, 46, 161, 77, 158, 71, 201, 183, 219, 164, 172, 112, 214, 70, 59, 0, 239, 191, 199, 154, 175, 37, 243, 104, 229, 107, 73, 221, 240, 169, 94, 72, 139, 205, 20, 205, 41, 16, 136, 21, 191, 193, 14, 16, 210, 147, 5, 243, 245, 121, 248, 111, 33, 228, 76, 58, 51, 11, 240, 200, 15, 2, 255, 139, 49, 5, 36, 201, 66, 196, 205, 17, 251, 163, 216, 19, 152, 138, 156, 42, 197, 60, 23, 221, 210, 69, 7, 134, 91, 132, 22, 47, 20, 233, 40, 144, 97, 216, 212, 2, 226, 37, 15, 29, 93, 235, 199, 9, 241, 67, 102, 228, 95, 237, 49, 223, 207, 208, 137, 188, 179, 59, 38, 105, 88, 80, 127, 217, 161, 147, 237, 215]
own chunks: [0, 0, 1, 0, 192, 42, 146, 231, 29, 187, 29, 11, 246, 23, 95, 143, 156, 144, 149, 214, 80, 49, 78, 239, 90, 41, 164, 11, 197, 183, 89, 64, 182, 78, 73, 163, 253, 121, 191, 46, 203, 214, 135, 81, 26, 170, 143, 91, 159, 164, 38, 243, 235, 139, 158, 2, 182, 2, 194, 206, 158, 181, 22, 157, 129, 83, 172, 241, 40, 15, 203, 223, 53, 181, 251, 109, 180, 244, 177, 242, 167, 143, 62, 120, 136, 189, 226, 83, 45, 211, 182, 149, 46, 198, 83, 81, 25, 118, 243, 101, 160, 157, 9, 112, 75, 141, 35, 149, 213, 12, 225, 222, 0, 113, 86, 137, 65, 112, 93, 214, 112, 93, 20, 37, 137, 115, 23, 122, 157, 185, 71, 239, 250, 140, 201, 55, 131, 176, 13, 243, 235, 187, 240, 77, 109, 131, 86, 29, 17, 184, 68, 241, 224, 206, 187, 211, 172, 120, 141, 249, 73, 178, 200, 38, 208, 77, 38, 212, 8, 51, 145, 110, 179, 136, 54, 152, 66, 49, 154, 229, 155, 21, 74, 119, 29, 88, 27, 234, 3, 252, 108, 145, 150, 249, 60, 80, 38, 48, 56, 40, 142, 76, 69, 21, 171, 142, 106, 232, 70, 228, 67, 84, 23, 59, 222, 89, 182, 4, 60, 225, 48, 243, 237, 149, 204, 207, 178, 218, 166, 209, 8, 50, 207, 46, 253, 58, 250, 201, 12, 114, 99, 8, 84, 109, 159, 163, 69, 65, 239, 63, 244, 135, 181, 3, 214, 209, 181, 233, 119, 31, 117, 172, 130, 196, 245, 76, 221, 206, 202, 163, 96, 186, 25, 229, 106, 70, 152, 81, 8, 142, 22, 47, 214, 130, 74, 0, 222, 228, 159, 102, 89, 205, 49, 229, 210, 16, 121, 129, 130, 76, 254, 53, 66, 106, 72, 36, 178, 118, 37, 255, 171, 255, 133, 155, 22, 92, 248, 146, 117, 156, 39, 133, 84, 178, 14, 228, 166, 26, 31, 16, 90, 84, 9, 96, 193, 167, 148, 112, 80, 42, 5, 176, 110, 114, 22, 47, 151, 192, 60, 238, 111, 12, 134, 144, 19, 159, 211, 13, 232, 223, 28, 82, 121, 84, 225, 224, 166, 239, 50, 73, 229, 106, 24, 207, 197, 50, 119, 243, 216, 214, 64, 22, 47, 35, 234, 228, 0, 27, 120, 124, 200, 29, 22, 47, 188, 74, 46, 56, 13, 93, 203, 246, 204, 69, 60, 102, 167, 17, 75, 140, 169, 192, 135, 64, 130, 75, 227, 185, 205, 26, 105, 207, 25, 228, 171, 62, 125, 37, 9, 53, 156, 198, 170, 24, 111, 183, 98, 93, 11, 109, 176, 114, 171, 228, 218, 76, 22, 235, 61, 123, 237, 10, 182, 242, 202, 178, 131, 106, 131, 115, 94, 131, 129, 53, 195, 27, 208, 69, 20, 113, 98, 48, 98, 109, 69, 87, 54, 193, 203, 70, 66, 221, 35, 104, 113, 117, 225, 172, 211, 247, 75, 229, 14, 226, 243, 3, 76, 88, 73, 244, 65, 189, 64, 234, 218, 206, 85, 113, 104, 84, 235, 101, 248, 208, 119, 185, 24, 250, 73, 189, 124, 174, 188, 120, 221, 245, 181, 198, 147, 40, 49, 76, 130, 83, 5, 226, 83, 130, 37, 74, 234, 153, 114, 235, 242, 193, 109, 97, 203, 57, 180, 19, 76, 86, 30, 237, 140, 169, 119, 1, 21, 25, 143, 198, 201, 95, 162, 96, 37, 71, 207, 104, 235, 123, 208, 223, 227, 140, 83, 254, 167, 219, 2, 197, 193, 26, 34, 178, 85, 23, 162, 243, 223, 207, 121, 240, 2, 68, 22, 41, 195, 38, 142, 194, 163, 53, 227, 58, 94, 89, 135, 55, 229, 189, 236, 118, 128, 100, 188, 106, 175, 117, 209, 45, 198, 124, 22, 92, 9, 165, 158, 101, 219, 158, 143, 113, 166, 44, 50, 144, 140, 206, 226, 62, 68, 85, 251, 241, 199, 209, 247, 197, 192, 242, 218, 14, 249, 102, 94, 67, 136, 52, 124, 249, 129, 122, 15, 187, 80, 101, 44, 131, 48, 73, 158, 147, 71, 204, 78, 127, 229, 93, 121, 151, 244, 145, 76, 173, 233, 36, 8, 180, 194, 110, 115, 102, 220, 128, 109, 12, 232, 17, 42, 72, 224, 78, 230, 11, 172, 147, 167, 53, 171, 240, 149, 83, 253, 245, 24, 53, 14, 123, 242, 79, 122, 44, 231, 130, 208, 196, 122, 160, 199, 108, 196, 82, 173, 159, 76, 200, 55, 211, 104, 213, 166, 100, 140, 32, 183, 217, 240, 95, 105, 76, 90, 217, 87, 181, 229, 222, 22, 92, 76, 14, 125, 158, 116, 208, 87, 156, 145, 99, 45, 134, 93, 50, 83, 223, 135, 178, 251, 141, 209, 85, 25, 174, 230, 173, 212, 205, 139, 183, 52, 140, 155, 194, 7, 252, 173, 152, 150, 225, 14, 146, 60, 121, 3, 237, 248, 48, 213, 67, 34, 137, 167, 159, 216, 241, 98, 206, 0, 33, 15, 83, 37, 177, 228, 220, 133, 233, 102, 108, 160, 223, 151, 193, 7, 68, 149, 138, 80, 149, 245, 241, 221, 132, 245, 19, 245, 224, 84, 203, 227, 253, 245, 195, 60, 158, 125, 190, 18, 167, 168, 211, 239, 82, 113, 54, 231, 68, 90, 253, 22, 92, 109, 10, 204, 219, 29, 211, 159, 148, 159, 141, 151, 150, 175, 242, 168, 190, 13, 213, 215, 97, 160, 86, 97, 101, 107, 199, 28, 111, 170, 109, 208, 200, 104, 166, 238, 171, 3, 230, 171, 179, 124, 140, 176, 251, 29, 222, 242, 233, 41, 33, 15, 188, 201, 185, 98, 17, 67, 90, 118, 56, 173, 32, 33, 126, 164, 95, 222, 181, 5, 139, 10, 10, 18, 105, 45, 165, 231, 174, 91, 147, 184, 62, 29, 72, 10, 202, 196, 210, 177, 136, 84, 217, 31, 2, 142, 40, 175, 11, 68, 61, 23, 254, 254, 57, 254, 10, 117, 176, 146, 62, 176, 248, 243, 5, 159, 231, 238, 227, 149, 55, 213, 103, 2, 12, 94, 10, 210, 197, 2, 192, 97, 164, 190, 26, 169, 127, 14, 64]
is handling remainder
pushing a subframe [0, 0, 1, 0, 6, 20, 203, 233, 253, 97, 127, 35, 183, 231, 1, 55, 157, 52, 85, 128, 12, 158, 29, 67, 222, 101, 88, 121, 204, 42, 89, 143, 22, 47, 51, 59, 152, 20, 46, 161, 77, 158, 71, 201, 183, 219, 164, 172, 112, 214, 70, 59, 0, 239, 191, 199, 154, 175, 37, 243, 104, 229, 107, 73, 221, 240, 169, 94, 72, 139, 205, 20, 205, 41, 16, 136, 21, 191, 193, 14, 16, 210, 147, 5, 243, 245, 121, 248, 111, 33, 228, 76, 58, 51, 11, 240, 200, 15, 2, 255, 139, 49, 5, 36, 201, 66, 196, 205, 17, 251, 163, 216, 19, 152, 138, 156, 42, 197, 60, 23, 221, 210, 69, 7, 134, 91, 132, 22, 47, 20, 233, 40, 144, 97, 216, 212, 2, 226, 37, 15, 29, 93, 235, 199, 9, 241, 67, 102, 228, 95, 237, 49, 223, 207, 208, 137, 188, 179, 59, 38, 105, 88, 80, 127, 217, 161, 147, 237, 215]
remainder at subframe [47, 47, 102]
frame 0: [0, 0, 1, 0, 125, 135, 96, 115, 184, 54, 170, 136, 209, 237, 167, 113, 89, 29, 109, 194, 93, 135, 175, 38, 200, 236, 211, 102, 159, 35, 74, 228, 133, 132, 255, 243, 219, 25, 214, 122, 83, 108, 179, 93, 78, 135, 2, 2, 252, 87, 91, 254, 244, 69, 94, 166, 136, 112, 142, 68, 18, 122, 88, 90, 2, 155, 43, 164, 213, 52, 81, 88, 130, 245, 55, 53, 239, 236, 127, 160, 216, 168, 207, 191, 95, 21, 161, 255, 22, 47, 91, 10, 119, 78, 249, 30, 124, 140, 22, 92, 13, 144, 37, 63, 43, 213, 105, 31, 73, 106, 177, 184, 56, 193, 109, 144, 235, 243, 179, 64, 224, 66, 233, 113, 199, 127, 220, 88, 214, 110, 114, 169, 122, 100, 87, 160, 135, 48, 245, 84, 163, 224, 244, 118, 164, 161, 116, 242, 76, 95, 171, 53, 84, 121, 203, 66, 9, 43, 230, 228, 211, 140, 236, 232, 60, 239, 106, 175, 102, 150, 206, 65, 108, 208, 6, 238, 113, 112, 171, 2, 215, 43, 1, 28, 241, 46, 144, 21, 130, 83, 253, 147, 156, 229, 126, 251, 57, 14, 240, 159, 189, 182, 219, 61, 78, 137, 155, 192, 244, 164, 144, 232, 182, 154, 151, 182, 0, 170, 45, 180, 136, 255, 217, 247, 221, 182, 36, 122, 224, 114, 27, 141, 152, 45, 131, 196, 162, 39, 235, 22, 47, 222, 27, 237, 254, 143, 200, 180, 69, 84, 94, 213, 227, 99, 227, 204, 25, 61, 37, 60, 99, 132, 247, 216, 221, 82, 19, 168, 33, 136, 66, 45, 27, 126, 181, 125, 135, 176, 195, 231, 122, 108, 63, 50, 158, 28, 254, 6, 174, 98, 148, 161, 33, 90, 53, 70, 182, 165, 223, 155, 44, 159, 57, 79, 210, 143, 185, 17, 16, 25, 116, 227, 14, 77, 144, 144, 186, 231, 49, 133, 112, 89, 149, 129, 79, 176, 137, 150, 215, 252, 127, 185, 86, 118, 110, 217, 17, 28, 22, 21, 195, 236, 45, 137, 251, 46, 253, 71, 162, 70, 207, 19, 78, 96, 79, 30, 17, 51, 231, 9, 205, 189, 57, 36, 215, 106, 161, 160, 35, 95, 108, 22, 92, 40, 115, 31, 86, 28, 217, 172, 60, 158, 109, 191, 185, 250, 89, 55, 23, 35, 249, 194, 54, 15, 167, 1, 1, 33, 29, 8, 200, 135, 120, 4, 121, 215, 22, 236, 66, 59, 231, 149, 185, 16, 41, 100, 31, 54, 6, 2, 90, 193, 51, 240, 219, 227, 23, 113, 223, 85, 214, 53, 1, 171, 73, 62, 251, 225, 206, 134, 120, 132, 230, 57, 27, 247, 195, 229, 224, 246, 155, 44, 82, 118, 181, 58, 87, 14, 120, 24, 169, 51, 12, 57, 234, 242, 217, 24, 96, 192, 118, 239, 203, 118, 218, 214, 117, 58, 208, 239, 70, 30, 33, 130, 209, 188, 232, 142, 144, 223, 218, 14, 151, 160, 164, 143, 203, 99, 219, 11, 227, 78, 181, 103, 103, 22, 120, 74, 0, 239, 52, 253, 2, 128, 196, 134, 15, 46, 67, 0, 40, 235, 184, 213, 125, 57, 15, 105, 163, 183, 128, 48, 241, 1, 168, 29, 49, 49, 101, 123, 193, 88, 140, 174, 221, 189, 22, 93, 46, 194, 40, 78, 82, 101, 36, 26, 174, 58, 146, 64, 130, 190, 205, 48, 169, 13, 129, 48, 59, 94, 104, 191, 210, 142, 10, 171, 108, 124, 154, 228, 101, 127, 186, 249, 100, 10, 243, 41, 114, 183, 129, 52, 22, 15, 38, 90, 242, 78, 25, 102, 114, 166, 140, 63, 242, 223, 153, 245, 120, 89, 6, 87, 174, 123, 156, 79, 202, 102, 196, 225, 89, 159, 199, 183, 60, 228, 132, 197, 69, 190, 7, 150, 192, 205, 77, 157, 212, 228, 107, 145, 19, 89, 78, 193, 134, 129, 230, 146, 6, 236, 167, 240, 132, 66, 146, 199, 101, 175, 53, 150, 249, 16, 53, 130, 58, 90, 43, 212, 70, 91, 188, 143, 150, 165, 136, 55, 159, 60, 114, 100, 189, 30, 77, 251, 133, 236, 187, 64, 81, 253, 248, 149, 136, 83, 245, 71, 19, 46, 54, 56, 6, 187, 215, 224, 33, 131, 216, 236, 162, 244, 88, 133, 183, 81, 23, 188, 70, 19, 71, 54, 28, 39, 63, 246, 162, 193, 71, 162, 154, 182, 208, 208, 248, 22, 92, 67, 82, 97, 119, 85, 146, 195, 249, 91, 206, 133, 195, 207, 17, 131, 39, 179, 138, 106, 239, 109, 189, 39, 244, 117, 39, 192, 64, 82, 166, 13, 59, 61, 220, 228, 68, 248, 213, 242, 66, 128, 171, 123, 32, 253, 154, 75, 78, 180, 202, 232, 22, 189, 172, 7, 52, 250, 109, 84, 93, 168, 213, 171, 220, 82, 144, 122, 37, 83, 166, 183, 105, 189, 247, 143, 63, 186, 210, 66, 41, 125, 72, 131, 135, 7, 231, 154, 215, 82, 7, 235, 50, 235, 97, 168, 177, 149, 206, 231, 120, 68, 22, 92, 69, 186, 217, 24, 182, 84, 137, 135, 89, 117, 46, 169, 109, 202, 250, 158, 35, 22, 92, 20, 217, 50, 45, 244, 2, 58, 187, 65, 123, 124, 203, 255, 148, 23, 250, 150, 250, 174, 65, 118, 19, 173, 42, 130, 51, 230, 65, 114, 171, 38, 20, 201, 155, 252, 31, 113, 133, 206, 181, 6, 154, 150, 203, 165, 41, 97, 62, 198, 153, 9, 179, 140, 213, 167, 32, 168, 177, 188, 187, 169, 42, 53, 122, 187, 144, 59, 97, 35, 56, 165, 108, 45, 43, 250, 171, 91, 189, 180, 230, 10, 32, 131, 157, 23, 200, 156, 203, 0, 6, 23, 20, 156, 132, 197, 183, 31, 135, 139, 22, 53, 239, 21, 207, 176, 137, 35, 30, 253, 126, 114, 90, 200, 59, 191, 68, 195, 132, 155, 176, 144, 70, 128, 30, 41, 121, 84, 207, 100, 105, 102, 111, 10, 140, 7, 95, 201, 211, 234, 183, 71, 224, 12, 198, 78, 115, 181, 234, 241, 248, 211, 123, 38, 224]
frame 1: [0, 0, 1, 0, 166, 250, 125, 21, 9, 34, 87, 22, 92, 199, 12, 129, 7, 154, 163, 128, 87, 250, 250, 252, 25, 115, 252, 32, 14, 226, 81, 40, 110, 171, 208, 203, 221, 137, 162, 129, 7, 112, 234, 122, 170, 128, 202, 156, 250, 99, 34, 208, 159, 183, 112, 118, 232, 4, 150, 195, 114, 118, 252, 71, 211, 82, 242, 22, 47, 173, 195, 71, 10, 157, 117, 86, 30, 38, 142, 1, 3, 68, 219, 108, 130, 106, 97, 45, 161, 234, 67, 53, 249, 180, 75, 145, 29, 34, 4, 27, 51, 245, 22, 92, 78, 178, 46, 22, 200, 245, 82, 124, 147, 191, 223, 224, 113, 16, 136, 54, 243, 150, 98, 146, 249, 17, 89, 65, 211, 171, 248, 48, 93, 251, 151, 24, 152, 4, 254, 185, 144, 2, 192, 107, 218, 49, 84, 233, 216, 42, 39, 249, 137, 103, 216, 54, 8, 42, 141, 245, 207, 220, 198, 58, 35, 201, 211, 119, 142, 16, 19, 121, 222, 252, 99, 51, 242, 177, 4, 98, 32, 102, 232, 37, 209, 209, 26, 245, 203, 27, 243, 113, 132, 69, 81, 218, 223, 192, 100, 191, 6, 75, 67, 135, 64, 161, 208, 2, 4, 109, 148, 17, 214, 9, 26, 46, 155, 200, 10, 230, 185, 129, 204, 114, 181, 5, 221, 153, 28, 241, 89, 244, 5, 141, 12, 215, 157, 121, 117, 126, 129, 155, 26, 124, 15, 224, 216, 211, 158, 198, 188, 3, 55, 8, 111, 63, 201, 139, 159, 76, 148, 28, 156, 26, 17, 62, 48, 9, 202, 59, 249, 138, 32, 64, 212, 197, 205, 167, 67, 225, 203, 247, 172, 34, 8, 80, 208, 184, 155, 74, 93, 234, 216, 175, 182, 109, 145, 124, 30, 192, 137, 124, 160, 30, 109, 106, 104, 104, 186, 14, 72, 242, 226, 230, 4, 95, 84, 202, 169, 224, 219, 53, 183, 108, 181, 0, 174, 206, 250, 206, 15, 72, 216, 204, 54, 142, 237, 222, 68, 182, 56, 40, 96, 40, 180, 82, 48, 239, 195, 22, 47, 91, 114, 217, 107, 223, 0, 9, 64, 246, 191, 20, 6, 23, 87, 57, 68, 154, 147, 16, 147, 239, 187, 46, 225, 143, 57, 122, 137, 115, 149, 144, 40, 191, 223, 62, 46, 141, 66, 251, 95, 244, 36, 13, 18, 139, 21, 33, 202, 132, 118, 144, 135, 89, 199, 131, 125, 154, 108, 219, 191, 250, 74, 168, 84, 229, 98, 179, 148, 175, 90, 102, 214, 186, 160, 56, 233, 3, 9, 76, 122, 53, 132, 233, 202, 60, 18, 118, 161, 218, 143, 22, 92, 235, 238, 99, 39, 22, 92, 112, 120, 161, 94, 19, 208, 75, 27, 66, 178, 164, 252, 239, 223, 11, 208, 101, 238, 77, 117, 102, 49, 87, 6, 240, 161, 131, 209, 205, 19, 163, 228, 32, 130, 135, 151, 82, 55, 243, 134, 60, 163, 111, 91, 147, 248, 210, 108, 238, 69, 31, 245, 183, 65, 56, 183, 238, 33, 177, 204, 148, 167, 119, 72, 205, 60, 212, 88, 59, 66, 223, 153, 66, 160, 189, 161, 85, 1, 232, 94, 137, 70, 70, 86, 83, 240, 107, 52, 23, 127, 239, 197, 240, 18, 193, 34, 214, 143, 35, 211, 4, 213, 33, 17, 6, 6, 53, 165, 53, 130, 87, 67, 3, 208, 140, 184, 101, 108, 96, 75, 60, 80, 81, 188, 89, 71, 108, 154, 188, 137, 146, 45, 215, 209, 230, 235, 198, 172, 93, 238, 15, 180, 242, 219, 30, 119, 93, 189, 186, 167, 144, 34, 225, 89, 118, 7, 66, 175, 190, 83, 7, 22, 92, 138, 225, 206, 167, 195, 255, 19, 197, 241, 88, 148, 228, 114, 93, 69, 103, 10, 132, 141, 208, 4, 160, 73, 2, 203, 103, 200, 3, 2, 112, 6, 52, 13, 78, 235, 167, 185, 203, 176, 71, 131, 22, 68, 56, 116, 50, 192, 228, 189, 255, 137, 164, 252, 188, 245, 207, 17, 28, 72, 49, 17, 12, 235, 60, 211, 53, 117, 119, 165, 26, 176, 123, 248, 236, 17, 163, 161, 79, 15, 38, 178, 137, 115, 22, 92, 136, 237, 225, 213, 222, 182, 146, 151, 90, 250, 148, 8, 213, 249, 108, 0, 142, 162, 197, 244, 157, 201, 53, 48, 32, 40, 43, 84, 22, 92, 172, 48, 172, 38, 228, 206, 121, 13, 221, 179, 252, 123, 174, 240, 76, 194, 181, 226, 79, 142, 85, 132, 212, 235, 81, 148, 170, 158, 24, 12, 11, 160, 119, 72, 74, 17, 67, 252, 85, 73, 202, 48, 58, 65, 222, 26, 73, 69, 228, 22, 47, 110, 27, 91, 83, 110, 207, 208, 140, 79, 83, 104, 201, 88, 210, 67, 56, 77, 17, 22, 47, 21, 18, 134, 134, 65, 61, 167, 123, 109, 37, 247, 204, 73, 112, 85, 52, 86, 174, 138, 195, 252, 108, 213, 168, 41, 101, 155, 157, 135, 67, 141, 176, 95, 160, 96, 34, 188, 61, 13, 211, 23, 187, 134, 26, 70, 246, 159, 24, 26, 218, 58, 71, 114, 123, 39, 95, 0, 154, 17, 15, 83, 28, 3, 228, 136, 27, 141, 44, 232, 94, 27, 216, 119, 192, 99, 178, 43, 233, 82, 252, 241, 142, 154, 181, 215, 210, 61, 186, 196, 58, 75, 194, 23, 108, 139, 235, 153, 156, 205, 143, 51, 44, 83, 186, 138, 115, 102, 48, 91, 213, 187, 3, 107, 75, 123, 120, 162, 144, 210, 235, 242, 77, 108, 80, 93, 214, 36, 156, 139, 176, 86, 201, 105, 26, 153, 54, 223, 68, 40, 129, 74, 98, 59, 224, 195, 246, 250, 121, 89, 102, 104, 82, 4, 13, 16, 205, 148, 122, 206, 59, 176, 32, 144, 125, 3, 252, 168, 7, 130, 84, 189, 86, 42, 37, 64, 72, 63, 10, 201, 211, 43, 134, 242, 198, 16, 219, 68, 143, 139, 48, 177, 111, 122, 179, 167, 39, 105, 244, 114, 6, 41, 124, 55, 129, 13, 100, 56, 16, 107, 212, 148, 170, 228, 22, 47, 223, 249, 170]
frame 2: [0, 0, 1, 0, 192, 42, 146, 231, 29, 187, 29, 11, 246, 23, 95, 143, 156, 144, 149, 214, 80, 49, 78, 239, 90, 41, 164, 11, 197, 183, 89, 64, 182, 78, 73, 163, 253, 121, 191, 46, 203, 214, 135, 81, 26, 170, 143, 91, 159, 164, 38, 243, 235, 139, 158, 2, 182, 2, 194, 206, 158, 181, 22, 157, 129, 83, 172, 241, 40, 15, 203, 223, 53, 181, 251, 109, 180, 244, 177, 242, 167, 143, 62, 120, 136, 189, 226, 83, 45, 211, 182, 149, 46, 198, 83, 81, 25, 118, 243, 101, 160, 157, 9, 112, 75, 141, 35, 149, 213, 12, 225, 222, 0, 113, 86, 137, 65, 112, 93, 214, 112, 93, 20, 37, 137, 115, 23, 122, 157, 185, 71, 239, 250, 140, 201, 55, 131, 176, 13, 243, 235, 187, 240, 77, 109, 131, 86, 29, 17, 184, 68, 241, 224, 206, 187, 211, 172, 120, 141, 249, 73, 178, 200, 38, 208, 77, 38, 212, 8, 51, 145, 110, 179, 136, 54, 152, 66, 49, 154, 229, 155, 21, 74, 119, 29, 88, 27, 234, 3, 252, 108, 145, 150, 249, 60, 80, 38, 48, 56, 40, 142, 76, 69, 21, 171, 142, 106, 232, 70, 228, 67, 84, 23, 59, 222, 89, 182, 4, 60, 225, 48, 243, 237, 149, 204, 207, 178, 218, 166, 209, 8, 50, 207, 46, 253, 58, 250, 201, 12, 114, 99, 8, 84, 109, 159, 163, 69, 65, 239, 63, 244, 135, 181, 3, 214, 209, 181, 233, 119, 31, 117, 172, 130, 196, 245, 76, 221, 206, 202, 163, 96, 186, 25, 229, 106, 70, 152, 81, 8, 142, 22, 47, 214, 130, 74, 0, 222, 228, 159, 102, 89, 205, 49, 229, 210, 16, 121, 129, 130, 76, 254, 53, 66, 106, 72, 36, 178, 118, 37, 255, 171, 255, 133, 155, 22, 92, 248, 146, 117, 156, 39, 133, 84, 178, 14, 228, 166, 26, 31, 16, 90, 84, 9, 96, 193, 167, 148, 112, 80, 42, 5, 176, 110, 114, 22, 47, 151, 192, 60, 238, 111, 12, 134, 144, 19, 159, 211, 13, 232, 223, 28, 82, 121, 84, 225, 224, 166, 239, 50, 73, 229, 106, 24, 207, 197, 50, 119, 243, 216, 214, 64, 22, 47, 35, 234, 228, 0, 27, 120, 124, 200, 29, 22, 47, 188, 74, 46, 56, 13, 93, 203, 246, 204, 69, 60, 102, 167, 17, 75, 140, 169, 192, 135, 64, 130, 75, 227, 185, 205, 26, 105, 207, 25, 228, 171, 62, 125, 37, 9, 53, 156, 198, 170, 24, 111, 183, 98, 93, 11, 109, 176, 114, 171, 228, 218, 76, 22, 235, 61, 123, 237, 10, 182, 242, 202, 178, 131, 106, 131, 115, 94, 131, 129, 53, 195, 27, 208, 69, 20, 113, 98, 48, 98, 109, 69, 87, 54, 193, 203, 70, 66, 221, 35, 104, 113, 117, 225, 172, 211, 247, 75, 229, 14, 226, 243, 3, 76, 88, 73, 244, 65, 189, 64, 234, 218, 206, 85, 113, 104, 84, 235, 101, 248, 208, 119, 185, 24, 250, 73, 189, 124, 174, 188, 120, 221, 245, 181, 198, 147, 40, 49, 76, 130, 83, 5, 226, 83, 130, 37, 74, 234, 153, 114, 235, 242, 193, 109, 97, 203, 57, 180, 19, 76, 86, 30, 237, 140, 169, 119, 1, 21, 25, 143, 198, 201, 95, 162, 96, 37, 71, 207, 104, 235, 123, 208, 223, 227, 140, 83, 254, 167, 219, 2, 197, 193, 26, 34, 178, 85, 23, 162, 243, 223, 207, 121, 240, 2, 68, 22, 41, 195, 38, 142, 194, 163, 53, 227, 58, 94, 89, 135, 55, 229, 189, 236, 118, 128, 100, 188, 106, 175, 117, 209, 45, 198, 124, 22, 92, 9, 165, 158, 101, 219, 158, 143, 113, 166, 44, 50, 144, 140, 206, 226, 62, 68, 85, 251, 241, 199, 209, 247, 197, 192, 242, 218, 14, 249, 102, 94, 67, 136, 52, 124, 249, 129, 122, 15, 187, 80, 101, 44, 131, 48, 73, 158, 147, 71, 204, 78, 127, 229, 93, 121, 151, 244, 145, 76, 173, 233, 36, 8, 180, 194, 110, 115, 102, 220, 128, 109, 12, 232, 17, 42, 72, 224, 78, 230, 11, 172, 147, 167, 53, 171, 240, 149, 83, 253, 245, 24, 53, 14, 123, 242, 79, 122, 44, 231, 130, 208, 196, 122, 160, 199, 108, 196, 82, 173, 159, 76, 200, 55, 211, 104, 213, 166, 100, 140, 32, 183, 217, 240, 95, 105, 76, 90, 217, 87, 181, 229, 222, 22, 92, 76, 14, 125, 158, 116, 208, 87, 156, 145, 99, 45, 134, 93, 50, 83, 223, 135, 178, 251, 141, 209, 85, 25, 174, 230, 173, 212, 205, 139, 183, 52, 140, 155, 194, 7, 252, 173, 152, 150, 225, 14, 146, 60, 121, 3, 237, 248, 48, 213, 67, 34, 137, 167, 159, 216, 241, 98, 206, 0, 33, 15, 83, 37, 177, 228, 220, 133, 233, 102, 108, 160, 223, 151, 193, 7, 68, 149, 138, 80, 149, 245, 241, 221, 132, 245, 19, 245, 224, 84, 203, 227, 253, 245, 195, 60, 158, 125, 190, 18, 167, 168, 211, 239, 82, 113, 54, 231, 68, 90, 253, 22, 92, 109, 10, 204, 219, 29, 211, 159, 148, 159, 141, 151, 150, 175, 242, 168, 190, 13, 213, 215, 97, 160, 86, 97, 101, 107, 199, 28, 111, 170, 109, 208, 200, 104, 166, 238, 171, 3, 230, 171, 179, 124, 140, 176, 251, 29, 222, 242, 233, 41, 33, 15, 188, 201, 185, 98, 17, 67, 90, 118, 56, 173, 32, 33, 126, 164, 95, 222, 181, 5, 139, 10, 10, 18, 105, 45, 165, 231, 174, 91, 147, 184, 62, 29, 72, 10, 202, 196, 210, 177, 136, 84, 217, 31, 2, 142, 40, 175, 11, 68, 61, 23, 254, 254, 57, 254, 10, 117, 176, 146, 62, 176, 248, 243, 5, 159, 231, 238, 227, 149, 55, 213, 103, 2, 12, 94, 10, 210, 197, 2, 192, 97, 164, 190, 26, 169, 127, 14, 64]
self remainder: []